[1,0,0,[["cc.Skeleton",["_name","_hash","_joints","_bindposes"],0,12]],[[0,0,1,2,3,4]],[[0,"Skin-1",1899740684,["Bip001/Bip001 Pelvis/Bip001 Spine/Bip001 Spine1/Bip001 Neck/Bip001 Head","Bip001/Bip001 Pelvis/Bip001 Spine/Bip001 Spine1/Bip001 Neck/Bip001 Head/Bone069/Bone070/Bone071","Bip001/Bip001 Pelvis/Bip001 Spine/Bip001 Spine1/Bip001 Neck/Bip001 Head/Bone056","Bip001/Bip001 Pelvis/Bip001 Spine/Bip001 Spine1/Bip001 Neck/Bip001 Head/Bone056/Bone057","Bip001/Bip001 Pelvis/Bip001 Spine/Bip001 L Thigh/Bip001 L Calf","Bip001/Bip001 Pelvis/Bip001 Spine/Bip001 L Thigh/Bip001 L Calf/Bip001 L Foot","Bip001/Bip001 Pelvis/Bip001 Spine/Bip001 L Thigh/Bip001 L Calf/Bip001 L Foot/Bip001 L Toe0","Bip001/Bip001 Pelvis/Bip001 Spine/Bip001 L Thigh/Bip001 L Calf/Bip001 L Foot/Bip001 L Toe0/Bip001 L Toe01","Bip001/Bip001 Pelvis/Bip001 Spine/Bip001 R Thigh/Bip001 R Calf","Bip001/Bip001 Pelvis/Bip001 Spine/Bip001 R Thigh/Bip001 R Calf/Bip001 R Foot","Bip001/Bip001 Pelvis/Bip001 Spine/Bip001 R Thigh/Bip001 R Calf/Bip001 R Foot/Bip001 R Toe0","Bip001/Bip001 Pelvis/Bip001 Spine/Bip001 Spine1/Bip001 Neck/Bip001 Head/Bone060","Bip001/Bip001 Pelvis/Bip001 Spine/Bip001 Spine1/Bip001 Neck/Bip001 Head/Bone060/Bone061","Bip001/Bip001 Pelvis/Bip001 Spine/Bip001 Spine1/Bip001 Neck/Bip001 Head/Bone060/Bone061/Bone062","Bip001/Bip001 Pelvis/Bip001 Spine/Bip001 Spine1","Bip001/Bip001 Pelvis/Bip001 Spine/Bip001 Spine1/Bip001 Neck/Bip001 Head/Bone060/Bone061/Bone062/Bone063","Bip001/Bip001 Pelvis/Bip001 Spine/Bip001 Spine1/Bip001 Neck/Bip001 Head/Bone056/Bone057/Bone058","Bip001/Bip001 Pelvis/Bip001 Spine/Bip001 Spine1/Bip001 Neck/Bip001 Head/Bone056/Bone057/Bone058/Bone059","Bip001/Bip001 Pelvis/Bip001 Spine/Bip001 Spine1/Bip001 Neck/Bip001 Head/Bone064","Bip001/Bip001 Pelvis/Bip001 Spine/Bip001 Spine1/Bip001 Neck/Bip001 Head/Bone064/Bone065","Bip001/Bip001 Pelvis/Bip001 Spine/Bip001 Spine1/Bip001 Neck/Bip001 Head/Bone064/Bone065/Bone066","Bip001/Bip001 Pelvis/Bip001 Spine/Bip001 Spine1/Bip001 Neck/Bip001 Head/Bone069","Bip001/Bip001 Pelvis/Bip001 Spine/Bip001 Spine1/Bip001 Neck/Bip001 Head/Bone069/Bone070","Bip001/Bip001 Pelvis/Bip001 Spine/Bip001 Spine1/Bip001 Neck","Bip001/Bip001 Pelvis/Bip001 Spine/Bip001 Spine1/Bip001 Neck/Bip001 Head/Bone064/Bone065/Bone066/Bone068","Bip001/Bip001 Pelvis/Bip001 Spine","Bip001/Bip001 Pelvis/Bip001 Spine/Bip001 Spine1/Bip001 Neck/Bip001 R Clavicle","Bip001/Bip001 Pelvis/Bip001 Spine/Bip001 Spine1/Bip001 Neck/Bip001 L Clavicle","Bip001/Bip001 Pelvis/Bip001 Spine/Bip001 Spine1/Bip001 Neck/Bip001 Head/Bone069/Bone070/Bone071/Bone072"],[[[7,7.510177368885707e-8,-0.000001404751969857898,1,0,-0.054779790341854095,-0.9984985589981079,-0.0000013985285249873414,0,0.9984984993934631,-0.054779790341854095,-1.519410233186136e-7,0,-1.109039068222046,0.10390757769346237,1.689412414407343e-7,1],[7,2.999058557051626e-9,-3.970805462216731e-9,-1,0,0.6026914119720459,-0.7979741096496582,4.9761088583011315e-9,0,-0.797974169254303,-0.6026914119720459,-6.90797031918975e-16,0,1.4910959005355835,0.5701611042022705,-3.0994689836916223e-7,1],[7,0.2772752046585083,0.780089795589447,-0.5608732104301453,0,-1.490115231206346e-8,-0.5837623476982117,-0.8119247555732727,0,-0.96079021692276,0.2251267284154892,-0.1618628203868866,0,1.4838380813598633,-0.6901134848594666,0.31254687905311584,1],[7,0.007227929774671793,0.8220168948173523,-0.5694175958633423,0,-0.00336098438128829,-0.5694093704223633,-0.8220474123954773,0,-0.9999678730964661,0.007855508476495743,-0.0013528652489185333,0,1.4305334091186523,-0.39154261350631714,0.08398836851119995,1],[7,0.09278407692909241,-0.002894019242376089,-0.9956821203231812,0,0.18711382150650024,-0.9821286797523499,0.020291099324822426,0,-0.9779465794563293,-0.1881885677576065,-0.090584397315979,0,0.2693028450012207,0.06714131683111191,0.14855273067951202,1],[7,4.371138828673793e-8,0.000001370906943520822,-1,0,-6.123234262925839e-17,-1,-0.000001370906943520822,0,-1,5.998547741425247e-14,-4.371139183945161e-8,0,0.06065994128584862,0.05631287023425102,0.1448259800672531,1],[7,0.0000013716037301492179,-4.3711455788297826e-8,-1,0,-1,-5.989355739881644e-14,-0.0000013716037301492179,0,6.123234262925839e-17,1,-4.3711455788297826e-8,0,-0.03582480549812317,-0.005114830564707518,0.14482596516609192,1],[7,0.0000013716037301492179,-4.3711455788297826e-8,-1,0,-1,-5.989355739881644e-14,-0.0000013716037301492179,0,6.123234262925839e-17,1,-4.3711455788297826e-8,0,-0.07855876535177231,-0.005114828702062368,0.14482596516609192,1],[7,-0.09278476238250732,0.0028966728132218122,-0.9956820607185364,0,0.18711355328559875,-0.9821286797523499,-0.0202938225120306,0,-0.9779465794563293,-0.1881885528564453,0.09058457612991333,0,0.2693028151988983,0.06714130192995071,-0.14855283498764038,1],[7,4.371138828673793e-8,0.000001370906943520822,-1,0,-6.123234262925839e-17,-1,-0.000001370906943520822,0,-1,5.998547741425247e-14,-4.371139183945161e-8,0,0.06065995618700981,0.05631287023425102,-0.14482605457305908,1],[7,0.0000013716037301492179,4.371133499603275e-8,-1,0,-1,6.00158554038728e-14,-0.0000013716037301492179,0,6.123234262925839e-17,1,4.371133499603275e-8,0,-0.03582480177283287,-0.005114830564707518,-0.14482606947422028,1],[7,-0.15446878969669342,0.979030191898346,0.13280856609344482,0,-0.060603756457567215,0.12477964907884598,-0.9903316497802734,0,-0.9861368536949158,-0.1610240340232849,0.04005837440490723,0,1.5234413146972656,0.6005544662475586,-0.10540536791086197,1],[7,0.00650806725025177,0.9911279678344727,0.13274919986724854,0,-0.12765033543109894,0.1324893683195114,-0.982930064201355,0,-0.991797924041748,-0.010548505000770092,0.12738007307052612,0,1.377053141593933,0.39531734585762024,-0.2268380969762802,1],[7,0.30294865369796753,0.9437150955200195,0.13275140523910522,0,-0.08212769776582718,0.16463199257850647,-0.9829297065734863,0,-0.9494612812995911,0.2868746221065521,0.12738025188446045,0,1.2636154890060425,0.01781409978866577,-0.22683744132518768,1],[7,1.0916177961561857e-9,-0.0000014026936696609482,1,0,-0.000796317879576236,-0.9999997019767761,-0.0000014026923054188956,0,0.9999996423721313,-0.0007963179377838969,-2.208607741138735e-9,0,-0.779286801815033,0.0007972195162437856,2.211166583165891e-9,1],[7,0.30294883251190186,0.9437150359153748,0.13275140523910522,0,-0.08212766796350479,0.16463199257850647,-0.9829297065734863,0,-0.9494612216949463,0.28687480092048645,0.12738025188446045,0,1.0877742767333984,0.017813872545957565,-0.22683745622634888,1],[7,-0.3340667188167572,0.7887672781944275,-0.515990138053894,0,0.0051648891530931,-0.545900821685791,-0.8378339409828186,0,-0.9425350427627563,-0.28255757689476013,0.17829342186450958,0,1.3019710779190063,-0.012232085689902306,-0.16268712282180786,1],[7,-0.33406686782836914,0.7887672185897827,-0.5159900784492493,0,0.005164984613656998,-0.545900821685791,-0.8378340005874634,0,-0.9425349831581116,-0.28255775570869446,0.17829343676567078,0,1.0970559120178223,-0.012231813743710518,-0.16268715262413025,1],[7,0.015062009915709496,0.13632123172283173,-0.9905502796173096,0,0.2579565644264221,-0.9576571583747864,-0.1278720200061798,0,-0.9660392999649048,-0.2535928785800934,-0.049589190632104874,0,1.5096348524093628,0.7624855637550354,0.1447049230337143,1],[7,-0.032969262450933456,0.13824552297592163,-0.9898492097854614,0,-0.03560734540224075,-0.9899215698242188,-0.13706958293914795,0,-0.9988223314285278,0.03072681464254856,0.03755951300263405,0,1.4722747802734375,0.36104366183280945,0.02136852592229843,1],[7,0.009933187626302242,0.141774520277977,-0.9898492693901062,0,-0.330351859331131,-0.9338521957397461,-0.1370692402124405,0,-0.9438057541847229,0.32836002111434937,0.03755933791399002,0,1.3442076444625854,-0.043396808207035065,0.021368617191910744,1],[7,-2.8870999813079834e-7,-3.2228066970674263e-7,-1,0,-0.6672486066818237,-0.7448350787162781,4.3268730109957687e-7,0,-0.7448350787162781,0.6672486066818237,-1.3035307662651648e-18,0,1.110286831855774,-1.4398338794708252,-9.838003478535029e-8,1],[7,-1.9880808110883663e-7,-0.0000019151641481585102,-1,0,-0.10325250029563904,-0.994655191898346,0.0000019254553080827463,0,-0.994655191898346,0.10325250029563904,-3.2405831494680345e-16,0,1.626273274421692,-0.5996615886688232,5.444117050501518e-7,1],[7,1.0916177961561857e-9,-0.0000014026936696609482,1,0,-0.000796317879576236,-0.9999997019767761,-0.0000014026923054188956,0,0.9999996423721313,-0.0007963179377838969,-2.208607741138735e-9,0,-1.0011852979660034,0.043884966522455215,2.4582378355120227e-9,1],[7,0.07747832685709,0.11914610117673874,-0.989849328994751,0,-0.7419854402542114,-0.6562546491622925,-0.13706929981708527,0,-0.6659242510795593,0.7450736165046692,0.0375591479241848,0,0.9895678162574768,-0.5987737774848938,0.02136884443461895,1],[7,1.0916177961561857e-9,-0.0000014026936696609482,1,0,-0.000796317879576236,-0.9999997019767761,-0.0000014026923054188956,0,0.9999996423721313,-0.0007963179377838969,-2.208607741138735e-9,0,-0.6517610549926758,0.0006205273675732315,1.721093267903484e-9,1],[7,-0.9877861738204956,-0.0000013640960787597578,0.15581563115119934,0,-0.0000013473520539264427,1,2.1307485553734296e-7,0,-0.15581564605236053,5.338806619015202e-10,-0.9877861142158508,0,0.09451815485954285,0.013598348945379257,0.9579079151153564,1],[7,0.9877861738204956,-0.0000013777178082818864,0.15581563115119934,0,0.0000013609737834485713,1,2.141426165280791e-7,0,-0.15581564605236053,5.338804953680665e-10,0.9877861142158508,0,0.09451815485954285,0.013598349876701832,-0.9579079151153564,1],[7,2.999058557051626e-9,-3.970805462216731e-9,-1,0,0.6026914119720459,-0.7979741096496582,4.9761088583011315e-9,0,-0.797974169254303,-0.6026914119720459,-6.90797031918975e-16,0,1.3744713068008423,0.5701611042022705,-3.124670229226467e-7,1]],8,8,8,8,8,8,8,8,8,8,8,8,8,8,8,8,8,8,8,8,8,8,8,8,8,8,8,8,8]]],0,0,[],[],[]]
