[1,0,0,[["cc.Skeleton",["_name","_hash","_joints","_bindposes"],0,12]],[[0,0,1,2,3,4]],[[0,"Skin-0",3649658825,["Bone002/Bone019/Bone021/Bone003/Bone006/Bone007/Bone008/Bone010/Bone012","Bone002/Bone019/Bone021/Bone003/Bone006/Bone007/Bone008/Bone010/Bone012/Bone013","Bone002/Bone019/Bone021/Bone003/Bone006/Bone007/Bone008/Bone010/Bone012/Bone013/Bone014","Bone002/Bone019/Bone021/Bone003/Bone006/Bone007/Bone008/Bone010","Bone002/Bone019/Bone021/Bone004","Bone002/Bone019/Bone005","Bone002/Bone019/Bone021/Bone003/Bone006/Bone007/Bone016/Bone017","Bone002/Bone019/Bone021/Bone003/Bone006/Bone007/Bone016","Bone002/Bone019/Bone021/Bone003/Bone006/Bone007/Bone008/Bone010/Bone012(mirrored)","Bone002/Bone019/Bone021/Bone003/Bone006/Bone007/Bone008/Bone010/Bone012(mirrored)/Bone013(mirrored)","Bone002/Bone019/Bone021/Bone003/Bone006/Bone007/Bone008/Bone010/Bone012(mirrored)/Bone013(mirrored)/Bone014(mirrored)","Bone002/Bone019/Bone021/Bone003/Bone006/Bone007/Bone016(mirrored)/Bone017(mirrored)","Bone002/Bone019/Bone021/Bone003/Bone006/Bone007/Bone016(mirrored)","Bone002/Bone019/Bone021/Bone003/Bone006/Bone007/Bone008","Bone002/Bone019/Bone021/Bone003/Bone006","Bone002/Bone019/Bone021/Bone003/Bone006/Bone007","Bone002/Bone019/Bone021/Bone003/Bone006/Bone007/Bone008/Bone010/Dummy001","Bone002/Bone019/Bone021/Bone003/Bone020(mirrored)","Bone002/Bone019/Bone021/Bone003/Bone020"],[[[7,0.090421661734581,0.995903730392456,6.141315793684043e-7,0,9.497163944161002e-8,6.080348953219072e-7,-1,0,-0.995903730392456,0.090421661734581,-3.960306571570982e-8,0,1.0086729526519775,-0.5043247938156128,1.2456932552140643e-7,1],[7,0.14785028994083405,0.9890100955963135,6.268992365221493e-7,0,2.1632278901506652e-7,6.015270059833711e-7,-1,0,-0.9890100955963135,0.14785028994083405,-1.250093930593721e-7,0,0.692970335483551,-0.5453023314476013,1.8830672843250795e-7,1],[7,0.2670503854751587,0.9636828303337097,6.268990091484739e-7,0,2.878830400732113e-7,5.707479999728093e-7,-1,0,-0.9636828303337097,0.2670503854751587,-1.250093930593721e-7,0,0.41420748829841614,-0.600140392780304,1.8830725423413242e-7,1],[7,-0.019743261858820915,-0.9998052716255188,0.0000037958466236887034,0,8.651993255170964e-8,-0.0000037982956655469025,-1,0,0.9998052716255188,-0.019743261858820915,1.614937730209931e-7,0,-0.6838311553001404,0.01716616190969944,-8.316193600421684e-8,1],[7,0.001971919322386384,0.999998152256012,-8.643940674346595e-8,0,-4.370865624991893e-8,-8.635338843987483e-8,-1,0,-0.999998152256012,0.001971919322386384,4.353828586545205e-8,0,0.26085540652275085,0.0009149936959147453,3.8612963493278585e-8,1],[7,-0.0028518515173345804,0.9999960064888,-3.480709054315412e-8,0,4.373612227936974e-8,-3.468250397986594e-8,-1,0,-0.9999960064888,-0.0028518515173345804,-4.363703354215431e-8,0,0.10756581276655197,0.0014339040499180555,6.145401698631758e-8,1],[7,0.7772843241691589,-0.6214958429336548,0.0978342592716217,0,0.0765220895409584,-0.06095849722623825,-0.9952026605606079,0,0.6244781613349915,0.7810419201850891,0.00017607538029551506,0,-0.6043577790260315,-0.3228533864021301,-0.3260597884654999,1],[7,0.878836452960968,-0.4669848382472992,0.0978342741727829,0,0.08647780865430832,-0.045751117169857025,-0.9952026605606079,0,0.4692206084728241,0.8830808997154236,0.00017607356130611151,0,-0.33466213941574097,-0.4290778934955597,-0.3260597884654999,1],[7,-0.08683313429355621,-0.9962230324745178,-8.275029586002347e-7,0,-1.3310439328506618e-7,-8.190388030016038e-7,1,0,-0.9962230324745178,0.08683313429355621,-6.148192710497824e-8,0,1.008668065071106,-0.5043804049491882,1.369344886370527e-7,1],[7,-0.14428626000881195,-0.9895361065864563,-2.565335535109625e-7,0,-9.28131171917812e-8,-2.4571306767029455e-7,1,0,-0.9895361065864563,0.14428626000881195,-5.6388898883596994e-8,0,0.6929620504379272,-0.5453575253486633,3.84077196713406e-7,1],[7,-0.2635766863822937,-0.9646385312080383,-1.4915967483375425e-7,0,-3.458841746351027e-8,-1.4517665647417743e-7,1,0,-0.9646385312080383,0.2635766863822937,4.899860073237505e-9,0,0.41419270634651184,-0.6001940965652466,3.407332656024664e-7,1],[7,-0.7795289158821106,0.6186780333518982,0.09783423691987991,0,0.07652218639850616,-0.0609583742916584,0.9952024817466736,0,0.6216738820075989,0.7832757830619812,0.000176221044966951,0,-0.6046648025512695,-0.32260867953300476,0.32609838247299194,1],[7,-0.8805211782455444,0.46380022168159485,0.09783424437046051,0,0.0864778682589531,-0.0457509383559227,0.9952026009559631,0,0.46605125069618225,0.8847575187683105,0.0001762158062774688,0,-0.3350089490413666,-0.4288943409919739,0.3260984420776367,1],[7,-0.039041657000780106,-0.9992374777793884,-4.022693289584822e-8,0,-1.25573676457158e-10,4.0262527534196124e-8,-1,0,0.9992374777793884,-0.039041657000780106,-1.6973942251752305e-9,0,-0.5695791840553284,0.024463411420583725,4.251358376450298e-8,1],[7,0.038982558995485306,-0.9992398619651794,-0.000001427390657227079,0,-4.362469141483416e-8,0.0000014267745882534655,-1,0,0.9992398619651794,0.038982558995485306,1.2027793871993708e-8,0,-0.24960651993751526,-0.01567920856177807,3.90762160407121e-8,1],[7,0.009893933311104774,-0.9999510645866394,-4.0225355490974835e-8,0,-2.0952981572008866e-9,4.020659361003709e-8,-1,0,0.9999510645866394,0.009893933311104774,-1.697394114152928e-9,0,-0.42095643281936646,-0.0034332626964896917,4.302090061969466e-8,1],[7,0.000002874609435821185,0.027270112186670303,-0.9996282458305359,0,-1,7.839091864525471e-8,-0.0000028735407795466017,0,6.123234924670329e-17,0.9996282458305359,0.027270112186670303,0,-0.39393848180770874,-0.9551770091056824,-0.027780165895819664,1],[7,-9.42236795253848e-8,4.435311211636872e-7,-1,0,-0.998052716255188,0.06237853690981865,1.2170698937552515e-7,0,0.062378544360399246,0.9980525970458984,4.3678983274730854e-7,0,-0.2873927056789398,-0.24258218705654144,0.3729998469352722,1],[7,-9.423821012433109e-8,4.4352881900522334e-7,-1,0,-0.9980525970458984,0.06237852945923805,1.2172135654964222e-7,0,0.06237853318452835,0.9980525374412537,4.3678664951585233e-7,0,-0.2873927354812622,-0.24258184432983398,-0.37349337339401245,1]],8,8,8,8,8,8,8,8,8,8,8,8,8,8,8,8,8,8,8]]],0,0,[],[],[]]
