[1,0,0,[["cc.Skeleton",["_name","_hash","_joints","_bindposes"],0,12]],[[0,0,1,2,3,4]],[[0,"Skin-10",1861545599,["Bip001/Bip001 Pelvis/Bip001 Spine/Bip001 R Thigh/Bip001 R Calf","Bip001/Bip001 Pelvis/Bip001 Spine/Bip001 R Thigh/Bip001 R Calf/Bip001 R Foot","Bip001/Bip001 Pelvis/Bip001 Spine/Bip001 R Thigh/Bip001 R Calf/Bip001 R Foot/Bip001 R Toe0","Bip001/Bip001 Pelvis/Bip001 Spine/Bip001 L Thigh","Bip001/Bip001 Pelvis/Bip001 Spine/Bip001 R Thigh","Bip001/Bip001 Pelvis/Bip001 Spine/Bip001 R Thigh/Bip001 R Calf/Bip001 R Foot/Bip001 R Toe0/Bip001 R Toe0Nub","Bip001/Bip001 Footsteps","Bip001/Bip001 Pelvis","Bip001/Bip001 Pelvis/Bip001 Spine/Bone092/Bone093","Bip001/Bip001 Pelvis/Bip001 Spine/Bone097/Bone098/Bone099","Bip001/Bip001 Pelvis/Bip001 Spine/Bone097/Bone098","Bip001/Bip001 Pelvis/Bip001 Spine","Bip001/Bip001 Pelvis/Bip001 Spine/Bip001 L Thigh/Bip001 L Calf","Bip001/Bip001 Pelvis/Bip001 Spine/Bip001 L Thigh/Bip001 L Calf/Bip001 L Foot","Bip001/Bip001 Pelvis/Bip001 Spine/Bip001 L Thigh/Bip001 L Calf/Bip001 L Foot/Bip001 L Toe0","Bip001/Bip001 Pelvis/Bip001 Spine/Bip001 L Thigh/Bip001 L Calf/Bip001 L Foot/Bip001 L Toe0/Bip001 L Toe01","Bip001/Bip001 Pelvis/Bip001 Spine/Bip001 L Thigh/Bip001 L Calf/Bip001 L Foot/Bip001 L Toe0/Bip001 L Toe01/Bip001 L Toe0Nub","Bip001/Bip001 Pelvis/Bip001 Spine/Bone082/Bone083","Bip001/Bip001 Pelvis/Bip001 Spine/Bone077/Bone078/Bone079","Bip001/Bip001 Pelvis/Bip001 Spine/Bone077/Bone078","Bip001/Bip001 Pelvis/Bip001 Spine/Bone082","Bip001/Bip001 Pelvis/Bip001 Spine/Bone097","Bip001/Bip001 Pelvis/Bip001 Spine/Bone087","Bip001/Bip001 Pelvis/Bip001 Spine/Bip001 Spine1","Bip001/Bip001 Pelvis/Bip001 Spine/Bip001 Spine1/Bip001 Neck","Bip001/Bip001 Pelvis/Bip001 Spine/Bip001 Spine1/Bip001 Neck/Bip001 L Clavicle","Bip001/Bip001 Pelvis/Bip001 Spine/Bip001 Spine1/Bip001 Neck/Bip001 R Clavicle","Bip001/Bip001 Pelvis/Bip001 Spine/Bip001 Spine1/Bip001 Neck/Bip001 R Clavicle/Bip001 R UpperArm","Bip001/Bip001 Pelvis/Bip001 Spine/Bone092","Bip001/Bip001 Pelvis/Bip001 Spine/Bip001 Spine1/Bip001 Neck/Bip001 R Clavicle/Bip001 R UpperArm/Bip001 R Forearm","Bip001/Bip001 Pelvis/Bip001 Spine/Bone077","Bip001/Bip001 Pelvis/Bip001 Spine/Bip001 Spine1/Bip001 Neck/Bip001 L Clavicle/Bip001 L UpperArm","Bip001/Bip001 Pelvis/Bip001 Spine/Bip001 Spine1/Bip001 Neck/Bip001 L Clavicle/Bip001 L UpperArm/Bip001 L Forearm","Bip001/Bip001 Pelvis/Bip001 Spine/Bip001 Spine1/Bip001 Neck/Bip001 L Clavicle/Bip001 L UpperArm/Bip001 L Forearm/Bip001 L Hand/Bip001 L Finger3/Bip001 L Finger31/Bip001 L Finger32/Bip001 L Finger3Nub","Bip001/Bip001 Pelvis/Bip001 Spine/Bip001 Spine1/Bip001 Neck/Bip001 L Clavicle/Bip001 L UpperArm/Bip001 L Forearm/Bone073","Bip001/Bip001 Pelvis/Bip001 Spine/Bip001 Spine1/Bip001 Neck/Bip001 L Clavicle/Bip001 L UpperArm/Bip001 L Forearm/Bip001 L Hand/Bip001 L Finger3/Bip001 L Finger31","Bip001/Bip001 Pelvis/Bip001 Spine/Bip001 Spine1/Bip001 Neck/Bip001 L Clavicle/Bip001 L UpperArm/Bip001 L Forearm/Bip001 L Hand","Bip001/Bip001 Pelvis/Bip001 Spine/Bip001 Spine1/Bip001 Neck/Bip001 L Clavicle/Bip001 L UpperArm/Bip001 L Forearm/Bip001 L Hand/Bip001 L Finger0/Bip001 L Finger01/Bip001 L Finger02","Bip001/Bip001 Pelvis/Bip001 Spine/Bip001 Spine1/Bip001 Neck/Bip001 L Clavicle/Bip001 L UpperArm/Bip001 L Forearm/Bip001 L Hand/Bip001 L Finger0/Bip001 L Finger01/Bip001 L Finger02/Bip001 L Finger0Nub","Bip001/Bip001 Pelvis/Bip001 Spine/Bone087/Bone088/Bone089/Bone090","Bip001/Bip001 Pelvis/Bip001 Spine/Bone082/Bone083/Bone084/Bone085","Bip001/Bip001 Pelvis/Bip001 Spine/Bone077/Bone078/Bone079/Bone080","Bip001/Bip001 Pelvis/Bip001 Spine/Bone087/Bone088/Bone089","Bip001/Bip001 Pelvis/Bip001 Spine/Bone082/Bone083/Bone084","Bip001/Bip001 Pelvis/Bip001 Spine/Bone087/Bone088","Bip001/Bip001 Pelvis/Bip001 Spine/Bip001 Spine1/Bip001 Neck/Bip001 L Clavicle/Bip001 L UpperArm/Bip001 L Forearm/Bip001 L Hand/Bip001 L Finger3","Bip001/Bip001 Pelvis/Bip001 Spine/Bip001 Spine1/Bip001 Neck/Bip001 R Clavicle/Bip001 R UpperArm/Bip001 R Forearm/Bip001 R Hand/Bip001 R Finger3/Bip001 R Finger31/Bip001 R Finger32/Bip001 R Finger3Nub","Bip001/Bip001 Pelvis/Bip001 Spine/Bip001 Spine1/Bip001 Neck/Bip001 R Clavicle/Bip001 R UpperArm/Bip001 R Forearm/Bone075","Bip001/Bip001 Pelvis/Bip001 Spine/Bip001 Spine1/Bip001 Neck/Bip001 R Clavicle/Bip001 R UpperArm/Bip001 R Forearm/Bip001 R Hand/Bip001 R Finger3/Bip001 R Finger31","Bip001/Bip001 Pelvis/Bip001 Spine/Bip001 Spine1/Bip001 Neck/Bip001 R Clavicle/Bip001 R UpperArm/Bip001 R Forearm/Bip001 R Hand","Bip001/Bip001 Pelvis/Bip001 Spine/Bip001 Spine1/Bip001 Neck/Bip001 R Clavicle/Bip001 R UpperArm/Bip001 R Forearm/Bip001 R Hand/Bip001 R Finger0/Bip001 R Finger01/Bip001 R Finger02/Bip001 R Finger0Nub","Bip001/Bip001 Pelvis/Bip001 Spine/Bone092/Bone093/Bone094/Bone095","Bip001/Bip001 Pelvis/Bip001 Spine/Bone097/Bone098/Bone099/Bone100","Bip001/Bip001 Pelvis/Bip001 Spine/Bone092/Bone093/Bone094","Bip001/Bip001 Pelvis/Bip001 Spine/Bip001 Spine1/Bip001 Neck/Bip001 R Clavicle/Bip001 R UpperArm/Bip001 R Forearm/Bip001 R Hand/Bip001 R Finger3"],[[[7,-0.09278476238250732,0.0028966728132218122,-0.9956820607185364,0,0.18711355328559875,-0.9821286797523499,-0.0202938225120306,0,-0.9779465794563293,-0.1881885528564453,0.09058457612991333,0,0.2697482109069824,0.06480347365140915,-0.14860114455223083,1],[7,4.371138828673793e-8,0.000001370906943520822,-1,0,-6.123234262925839e-17,-1,-0.000001370906943520822,0,-1,5.998547741425247e-14,-4.371139183945161e-8,0,0.06065995246171951,0.05393249914050102,-0.14482606947422028,1],[7,0.0000013716037301492179,4.371133499603275e-8,-1,0,-1,6.00158554038728e-14,-0.0000013716037301492179,0,6.123234262925839e-17,1,4.371133499603275e-8,0,-0.03820517286658287,-0.005114828702062368,-0.14482606947422028,1],[7,0.09136105328798294,-0.016444426029920578,-0.9956821203231812,0,0.0413363054394722,-0.9989392757415771,0.020291127264499664,0,-0.9949595332145691,-0.04301163926720619,-0.09058438986539841,0,0.5796144008636475,0.02462025173008442,0.14860102534294128,1],[7,-0.09136133641004562,0.01644708402454853,-0.9956820607185364,0,0.0413360521197319,-0.9989392161369324,-0.020293783396482468,0,-0.9949594736099243,-0.0430116280913353,0.09058456867933273,0,0.5796143412590027,0.024620238691568375,-0.14860114455223083,1],[7,0.0000013716037301492179,4.371133499603275e-8,-1,0,-1,6.00158554038728e-14,-0.0000013716037301492179,0,6.123234262925839e-17,1,4.371133499603275e-8,0,-0.08093913644552231,-0.005114826839417219,-0.14482606947422028,1],[7,1,0,0,0,0,1,0,0,0,0,1,0,2.0234773856486754e-9,0.00238037109375,0.0003938993322663009,1],[7,0.0000013868000223737909,0.0000027577070795814507,1,0,6.123234262925839e-17,-1,0.0000027577070795814507,0,1,-3.8243271396898315e-12,-0.0000013868001360606286,0,-0.5912127494812012,-0.0023803713265806437,8.28481745429599e-7,1],[7,-0.2671031951904297,-0.4340534806251526,-0.8603798747062683,0,0.28588515520095825,-0.8883158564567566,0.3593945801258087,0,-0.9202854633331299,-0.14997439086437225,0.361361563205719,0,0.40819865465164185,0.04372476786375046,-0.407684862613678,1],[7,-0.24946674704551697,0.7808705568313599,-0.5727192163467407,0,0.023081451654434204,-0.5864551067352295,-0.8096527457237244,0,-0.9681081175804138,-0.21520063281059265,0.12827743589878082,0,0.2922094464302063,0.17220765352249146,-0.2790020704269409,1],[7,-0.2527979910373688,0.7790749669075012,-0.5737031698226929,0,0.03206733614206314,-0.5858905911445618,-0.8097554445266724,0,-0.9669875502586365,-0.2231016904115677,0.12312910705804825,0,0.4279835820198059,0.17469516396522522,-0.2774019241333008,1],[7,1.0916177961561857e-9,-0.0000014026936696609482,1,0,-0.000796317879576236,-0.9999997019767761,-0.0000014026923054188956,0,0.9999996423721313,-0.0007963179377838969,-2.208607741138735e-9,0,-0.6517629623413086,-0.0017598430858924985,4.056424918186252e-10,1],[7,0.09278407692909241,-0.002894019242376089,-0.9956821203231812,0,0.18711382150650024,-0.9821286797523499,0.020291099324822426,0,-0.9779465794563293,-0.1881885677576065,-0.090584397315979,0,0.2697482407093048,0.06480348110198975,0.14860102534294128,1],[7,4.371138828673793e-8,0.000001370906943520822,-1,0,-6.123234262925839e-17,-1,-0.000001370906943520822,0,-1,5.998547741425247e-14,-4.371139183945161e-8,0,0.06065994128584862,0.05393249914050102,0.1448259800672531,1],[7,0.0000013716037301492179,-4.3711455788297826e-8,-1,0,-1,-5.989355739881644e-14,-0.0000013716037301492179,0,6.123234262925839e-17,1,-4.3711455788297826e-8,0,-0.03820517659187317,-0.005114828702062368,0.14482596516609192,1],[7,0.0000013716037301492179,-4.3711455788297826e-8,-1,0,-1,-5.989355739881644e-14,-0.0000013716037301492179,0,6.123234262925839e-17,1,-4.3711455788297826e-8,0,-0.08093913644552231,-0.005114826839417219,0.14482596516609192,1],[7,-0.0000013716037301492179,-4.3711455788297826e-8,1,0,-1,6.001601803419868e-14,-0.0000013716037301492179,0,6.123234262925839e-17,1,4.3711455788297826e-8,0,-0.09119567275047302,-0.005114826373755932,-0.14482621848583221,1],[7,0.3124619126319885,-0.5462443232536316,0.7771643996238708,0,0.2416520118713379,0.8369208574295044,0.4910881519317627,0,-0.918679416179657,0.03435699641704559,0.3935069143772125,0,0.38786566257476807,0.061397962272167206,-0.4230462908744812,1],[7,0.2333708256483078,0.9293068647384644,0.2862287759780884,0,-0.0002959443663712591,0.29442447423934937,-0.9556747674942017,0,-0.9723874926567078,0.22294196486473083,0.06898511946201324,0,0.29793205857276917,-0.23774085938930511,-0.2099928855895996,1],[7,0.20591814815998077,0.9332323670387268,0.2944068908691406,0,0.026839865371584892,0.2953551113605499,-0.9550105333328247,0,-0.9782009124755859,0.20455589890480042,0.035771146416664124,0,0.4557419717311859,-0.2318822741508484,-0.19977207481861115,1],[7,0.3050333261489868,-0.5387738347053528,0.7852880358695984,0,0.2141793668270111,0.8422727584838867,0.4946753680706024,0,-0.9279449582099915,0.017300017178058624,0.37231549620628357,0,0.5250285267829895,0.06814276427030563,-0.4141956865787506,1],[7,-0.22472016513347626,0.7876010537147522,-0.5737468004226685,0,0.008005606010556221,-0.587294340133667,-0.809333860874176,0,-0.97439044713974,-0.18646682798862457,0.1256716549396515,0,0.5475217700004578,0.16092191636562347,-0.2785951793193817,1],[7,-0.01779763214290142,-0.9994946122169495,0.02633954957127571,0,0.42795321345329285,0.016193510964512825,0.9036559462547302,0,-0.9036255478858948,0.027355028316378593,0.4274488389492035,0,0.5313650369644165,-0.01644180342555046,-0.3896438777446747,1],[7,1.0916177961561857e-9,-0.0000014026936696609482,1,0,-0.000796317879576236,-0.9999997019767761,-0.0000014026923054188956,0,0.9999996423721313,-0.0007963179377838969,-2.208607741138735e-9,0,-0.7792887091636658,-0.0015831509372219443,8.957158348366079e-10,1],[7,1.0916177961561857e-9,-0.0000014026936696609482,1,0,-0.000796317879576236,-0.9999997019767761,-0.0000014026923054188956,0,0.9999996423721313,-0.0007963179377838969,-2.208607741138735e-9,0,-1.0011872053146362,0.041504595428705215,1.1427870871827395e-9,1],[7,0.9877861738204956,-0.0000013777178082818864,0.15581563115119934,0,0.0000013609737834485713,1,2.141426165280791e-7,0,-0.15581564605236053,5.338804953680665e-10,0.9877861142158508,0,0.09451815485954285,0.015978721901774406,-0.9579079151153564,1],[7,-0.9877861738204956,-0.0000013640960787597578,0.15581563115119934,0,-0.0000013473520539264427,1,2.1307485553734296e-7,0,-0.15581564605236053,5.338806619015202e-10,-0.9877861142158508,0,0.09451814740896225,0.015978720039129257,0.9579079151153564,1],[7,-0.6794352531433105,0.009393678978085518,0.7336754202842712,0,0.030185265466570854,0.9994293451309204,0.015157398767769337,0,-0.7331144213676453,0.032444652169942856,-0.6793310642242432,0,0.582434892654419,-0.013139218091964722,0.7606658339500427,1],[7,-0.2782982885837555,-0.4246126413345337,-0.861541748046875,0,0.25018423795700073,-0.8980600237846375,0.36179545521736145,0,-0.9273390769958496,-0.11485710740089417,0.3561600148677826,0,0.5258448123931885,0.030564352869987488,-0.40535834431648254,1],[7,-0.6527166366577148,-0.18889500200748444,0.7336754202842712,0,-0.26220113039016724,0.9648942947387695,0.015157399699091911,0,-0.7107822895050049,-0.18247707188129425,-0.6793310046195984,0,0.3638598620891571,0.0970395877957344,0.760665774345398,1],[7,0.1790217012166977,0.9383343458175659,0.2957703769207001,0,0.036167826503515244,0.2941470742225647,-0.9550756812095642,0,-0.9831799864768982,0.1816766858100891,0.0187211986631155,0,0.5765388011932373,-0.22152167558670044,-0.1914965659379959,1],[7,0.679435133934021,-0.009396422654390335,0.733675479888916,0,0.030187129974365234,0.9994293451309204,-0.015155382454395294,0,-0.73311448097229,0.03244464844465256,0.6793310642242432,0,0.582434892654419,-0.013139215297996998,-0.7606658339500427,1],[7,0.6527173519134521,0.18889236450195312,0.733675479888916,0,-0.262199342250824,0.9648948311805725,-0.015155388973653316,0,-0.7107822895050049,-0.18247707188129425,0.6793310642242432,0,0.3638598918914795,0.0970396026968956,-0.760665774345398,1],[7,-0.011627820320427418,-0.9819290637969971,0.18889184296131134,0,-0.18361148238182068,0.18778927624225616,0.9648949503898621,0,-0.9829300045967102,-0.023463087156414986,-0.18247707188129425,0,0.5151169896125793,0.49524930119514465,0.051346831023693085,1],[7,0.2615714371204376,0.9192216992378235,0.2942988872528076,0,0.28313979506492615,0.21842102706432343,-0.9338758587837219,0,-0.9227201342582703,0.32760292291641235,-0.20313552021980286,0,0.5555739998817444,-0.5514422059059143,0.030930906534194946,1],[7,0.21573065221309662,-0.9580084085464478,0.18889214098453522,0,-0.22205688059329987,0.14024567604064941,0.9648948907852173,0,-0.9508684277534485,-0.2501021921634674,-0.18247710168361664,0,0.4385913610458374,0.6070229411125183,0.051346708089113235,1],[7,0.6527173519134521,-0.7335247993469238,0.18947650492191315,0,-0.262199342250824,0.01592371240258217,0.9648824334144592,0,-0.7107822895050049,-0.6794760823249817,-0.18193607032299042,0,0.20956654846668243,0.7607427835464478,0.0964338630437851,1],[7,-0.005701689049601555,0.013292858377099037,0.9998953938484192,0,-0.22276060283184052,0.9747693538665771,-0.014229070395231247,0,-0.9748564958572388,-0.22281843423843384,-0.0025967066176235676,0,0.5556176900863647,0.2592357397079468,-0.39463096857070923,1],[7,-0.005701689049601555,0.013292858377099037,0.9998953938484192,0,-0.22276060283184052,0.9747693538665771,-0.014229070395231247,0,-0.9748564958572388,-0.22281843423843384,-0.0025967066176235676,0,0.5292879939079285,0.2592357397079468,-0.39463096857070923,1],[7,-0.05198401212692261,-0.9982891082763672,0.026773961260914803,0,0.4954124391078949,-0.0025004895869642496,0.8686544299125671,0,-0.8671010732650757,0.058420293033123016,0.4946947991847992,0,0.11949612945318222,-0.014120327308773994,-0.4068664312362671,1],[7,0.2597913444042206,-0.5659825801849365,0.7824140787124634,0,0.29539498686790466,0.8179721832275391,0.4936222434043884,0,-0.9193748831748962,0.10288242250680923,0.379690557718277,0,0.11679329723119736,0.04920213669538498,-0.4134514033794403,1],[7,0.28307780623435974,0.9153899550437927,0.28623145818710327,0,0.015561996027827263,0.29401543736457825,-0.9556740522384644,0,-0.9589705467224121,0.2749845087528229,0.06898394972085953,0,0.1328345388174057,-0.24524982273578644,-0.20999319851398468,1],[7,0.012397758662700653,-0.9996013045310974,0.02536533959209919,0,0.4507876932621002,0.0282305758446455,0.8921847343444824,0,-0.8925449252128601,0.00037329166661947966,0.45095810294151306,0,0.27173247933387756,-0.005411362741142511,-0.4004136621952057,1],[7,0.2622533142566681,-0.5521194934844971,0.7914460897445679,0,0.2335132509469986,0.832086443901062,0.5030937194824219,0,-0.9363196492195129,0.05287516489624977,0.3471447229385376,0,0.2890378534793854,0.05589335411787033,-0.4091366231441498,1],[7,0.020498933270573616,-0.9994780421257019,0.02496831677854061,0,0.4503532648086548,0.031527284532785416,0.8922938108444214,0,-0.8926150798797607,-0.0070465076714754105,0.45076456665992737,0,0.40758025646209717,-0.0030466329772025347,-0.40035682916641235,1],[7,0.4313969910144806,-0.8821657299995422,0.18889226019382477,0,-0.24846728146076202,0.08510086685419083,0.9648948311805725,0,-0.8672718405723572,-0.4631862938404083,-0.18247708678245544,0,0.312678724527359,0.6919851303100586,0.051346633583307266,1],[7,0.011628356762230396,0.9819284677505493,-0.18889464437961578,0,-0.1836114525794983,0.18779213726520538,0.9648943543434143,0,-0.9829300045967102,-0.023463085293769836,-0.18247707188129425,0,0.5151169896125793,0.49524933099746704,0.05134673789143562,1],[7,-0.22194421291351318,0.8817245960235596,-0.41629651188850403,0,0.38772404193878174,-0.3119329810142517,-0.8673914074897766,0,-0.8946565985679626,-0.3539208173751831,-0.2726340889930725,0,0.5929082036018372,0.5480096340179443,0.015422077849507332,1],[7,-0.21573005616664886,0.9580079913139343,0.18889476358890533,0,-0.22205747663974762,0.14024828374385834,-0.9648942947387695,0,-0.9508684277534485,-0.2501022219657898,0.18247710168361664,0,0.438591331243515,0.6070229411125183,-0.05134671553969383,1],[7,-0.6527166366577148,0.733524739742279,0.18947914242744446,0,-0.26220113039016724,0.01592572219669819,-0.9648818373680115,0,-0.7107822895050049,-0.6794760823249817,0.18193607032299042,0,0.20956653356552124,0.7607427835464478,-0.0964338555932045,1],[7,0.005702346563339233,-0.013295730575919151,-0.9998953342437744,0,-0.2227606326341629,0.9747693538665771,-0.01423201709985733,0,-0.9748564958572388,-0.22281847894191742,-0.002596707083284855,0,0.5292879939079285,0.2592357099056244,-0.394631028175354,1],[7,-0.278554230928421,-0.43588653206825256,-0.8558098673820496,0,0.29968714714050293,-0.8860347270965576,0.3537369966506958,0,-0.9124665260314941,-0.15794025361537933,0.37743839621543884,0,0.13335353136062622,0.04404887557029724,-0.41268011927604675,1],[7,-0.2154369354248047,0.7962589859962463,-0.5652950406074524,0,-0.04081999883055687,-0.5857259035110474,-0.8094805479049683,0,-0.9756641983985901,-0.15131667256355286,0.15869028866291046,0,0.16284309327602386,0.16162103414535522,-0.2840394973754883,1],[7,-0.2875710427761078,-0.43221476674079895,-0.8546890020370483,0,0.2857219874858856,-0.8904635310173035,0.3541712462902069,0,-0.9141474366188049,-0.14235402643680573,0.37956494092941284,0,0.26470401883125305,0.041348427534103394,-0.4130151867866516,1],[7,-0.43139633536338806,0.8821654319763184,0.18889488279819489,0,-0.24846845865249634,0.08510326594114304,-0.9648942947387695,0,-0.8672718405723572,-0.4631862938404083,0.18247708678245544,0,0.3126786947250366,0.6919851303100586,-0.051346637308597565,1]],8,8,8,8,8,8,8,8,8,8,8,8,8,8,8,8,8,8,8,8,8,8,8,8,8,8,8,8,8,8,8,8,8,8,8,8,8,8,8,8,8,8,8,8,8,8,8,8,8,8,8,8,8,8,8]]],0,0,[],[],[]]
