[1,0,0,[["cc.Skeleton",["_name","_hash","_joints","_bindposes"],0,12]],[[0,0,1,2,3,4]],[[0,"Skin-1",2725258416,["Bip001/Bip001 Pelvis/Bip001 Spine/Bip001 Spine1/Bip001 Neck/Bip001 Head","Bip001/Bip001 Pelvis/Bip001 Spine/Bip001 Spine1/Bip001 Neck/Bip001 Head/Bone060","Bip001/Bip001 Pelvis/Bip001 Spine/Bip001 Spine1/Bip001 Neck/Bip001 Head/Bone060/Bone061","Bip001/Bip001 Pelvis/Bip001 Spine/Bip001 Spine1/Bip001 Neck/Bip001 Head/Bone056","Bip001/Bip001 Pelvis/Bip001 Spine/Bip001 Spine1/Bip001 Neck/Bip001 Head/Bone056/Bone057","Bip001/Bip001 Pelvis/Bip001 Spine/Bip001 Spine1/Bip001 Neck/Bip001 Head/Bone064/Bone065/Bone066/Bone068","Bip001/Bip001 Pelvis/Bip001 Spine/Bip001 Spine1/Bip001 Neck/Bip001 Head/Bone060/Bone061/Bone062","Bip001/Bip001 Pelvis/Bip001 Spine/Bip001 Spine1/Bip001 Neck/Bip001 Head/Bone069","Bip001/Bip001 Pelvis/Bip001 Spine/Bip001 Spine1/Bip001 Neck/Bip001 Head/Bone069/Bone070/Bone071","Bip001/Bip001 Pelvis/Bip001 Spine/Bip001 Spine1/Bip001 Neck/Bip001 Head/Bone069/Bone070","Bip001/Bip001 Pelvis/Bip001 Spine/Bip001 Spine1/Bip001 Neck/Bip001 Head/Bone064","Bip001/Bip001 Pelvis/Bip001 Spine/Bip001 Spine1/Bip001 Neck/Bip001 Head/Bone064/Bone065","Bip001/Bip001 Pelvis/Bip001 Spine/Bip001 Spine1/Bip001 Neck/Bip001 Head/Bone064/Bone065/Bone066","Bip001/Bip001 Pelvis/Bip001 Spine/Bip001 Spine1/Bip001 Neck/Bip001 Head/Bone056/Bone057/Bone058"],[[[7,7.510177368885707e-8,-0.000001404751969857898,1,0,-0.054779790341854095,-0.9984985589981079,-0.0000013985285249873414,0,0.9984984993934631,-0.054779790341854095,-1.519410233186136e-7,0,-1.109039068222046,0.10390757769346237,1.689412414407343e-7,1],[7,-0.15446843206882477,0.979030191898346,0.13281169533729553,0,-0.06060381978750229,0.12478284537792206,-0.9903314709663391,0,-0.9861370921134949,-0.1610238403081894,0.04005797579884529,0,1.5234417915344238,0.6005545258522034,-0.10540369898080826,1],[7,0.006508479826152325,0.9911280274391174,0.13275188207626343,0,-0.12765026092529297,0.1324920952320099,-0.9829299449920654,0,-0.9917980432510376,-0.010548430494964123,0.12738002836704254,0,1.3770534992218018,0.39531755447387695,-0.22683709859848022,1],[7,0.27727508544921875,0.7800897359848022,-0.5608730316162109,0,8.940696716308594e-8,-0.5837620496749878,-0.8119248151779175,0,-0.9607905745506287,0.2251264750957489,-0.16186273097991943,0,1.4838389158248901,-0.6901130080223083,0.31254664063453674,1],[7,0.007227569818496704,0.8220177888870239,-0.5694159269332886,0,-0.0033608824014663696,-0.5694076418876648,-0.8220484256744385,0,-0.9999682307243347,0.00785515271127224,-0.001352728228084743,0,1.4305342435836792,-0.3915420472621918,0.08398734033107758,1],[7,0.07747919112443924,0.11914558708667755,-0.989849328994751,0,-0.7419849634170532,-0.656254768371582,-0.13706964254379272,0,-0.6659243106842041,0.7450733184814453,0.03755815327167511,0,0.9895676374435425,-0.5987734198570251,0.021370820701122284,1],[7,0.3029489815235138,0.9437153339385986,0.13275176286697388,0,-0.08212731033563614,0.16463230550289154,-0.9829299449920654,0,-0.9494613409042358,0.28687506914138794,0.12738001346588135,0,1.2636157274246216,0.0178136695176363,-0.22683711349964142,1],[7,-5.0375870586094607e-8,-6.815836428586408e-8,-1,0,-0.6672486066818237,-0.7448350191116333,8.437996967813888e-8,0,-0.7448350191116333,0.6672486066818237,-7.956860947899713e-9,0,1.1102869510650635,-1.4398339986801147,2.520713948683806e-8,1],[7,5.72044491775614e-8,-6.253749518236873e-8,-1,0,0.6026914119720459,-0.7979741096496582,8.437996257271152e-8,0,-0.7979741096496582,-0.6026914119720459,-7.956861836078133e-9,0,1.4910959005355835,0.5701613426208496,2.6040110512326464e-8,1],[7,-7.981162397641128e-10,-8.475061008539342e-8,-1,0,-0.10325250029563904,-0.994655191898346,8.438004073241245e-8,0,-0.994655191898346,0.10325250029563904,-7.956861836078133e-9,0,1.6262733936309814,-0.5996615290641785,2.8288500431017383e-8,1],[7,0.015063018538057804,0.13632121682167053,-0.9905502200126648,0,0.25795668363571167,-0.9576570391654968,-0.12787175178527832,0,-0.9660389423370361,-0.25359290838241577,-0.04959018528461456,0,1.509634256362915,0.7624855041503906,0.144706591963768,1],[7,-0.03296812251210213,0.1382458508014679,-0.9898492097854614,0,-0.035607077181339264,-0.9899214506149292,-0.1370699554681778,0,-0.998822033405304,0.03072669729590416,0.03755837306380272,0,1.4722743034362793,0.36104369163513184,0.02137068286538124,1],[7,0.00993429683148861,0.1417747437953949,-0.9898492097854614,0,-0.33035144209861755,-0.9338521361351013,-0.13706985116004944,0,-0.9438056349754333,0.32835978269577026,0.037558332085609436,0,1.3442072868347168,-0.04339667037129402,0.02137068845331669,1],[7,-0.33406728506088257,0.7887668609619141,-0.5159901976585388,0,0.00516499625518918,-0.5459010004997253,-0.8378337621688843,0,-0.9425351023674011,-0.2825579345226288,0.17829366028308868,0,1.301971435546875,-0.012231295928359032,-0.16268746554851532,1]],8,8,8,8,8,8,8,8,8,8,8,8,8,8]]],0,0,[],[],[]]
