[1,0,0,[["cc.Skeleton",["_name","_hash","_joints","_bindposes"],0,12]],[[0,0,1,2,3,4]],[[0,"Skin-0",1515545576,["Dummy002/Dummy001","Dummy002/Dummy001/Bone007","Dummy002/Dummy001/Bone007/Bone008","Dummy002/Dummy001/Bone007/Bone008/Bone010","Dummy002/Dummy001/Bone004(mirrored)/Bone005(mirrored)","Dummy002/Dummy001/Bone004(mirrored)","Dummy002/Dummy001/Bone001(mirrored)/Bone002(mirrored)","Dummy002/Dummy001/Bone001(mirrored)","Dummy002/Dummy001/Bone001(mirrored)/Bone002(mirrored)/Bone003(mirrored)","Dummy002/Dummy001/Bone004/Bone005","Dummy002/Dummy001/Bone004","Dummy002/Dummy001/Bone001/Bone002","Dummy002/Dummy001/Bone001","Dummy002/Dummy001/Bone001/Bone002/Bone003","Dummy002/Dummy001/Bone004(mirrored)/Bone005(mirrored)/Bone006(mirrored)","Dummy002/Dummy001/Bone004/Bone005/Bone006","Dummy002/Dummy001/Bone007/Bone008/Bone009"],[[[7,6.123234262925839e-17,-1.6292068494294654e-7,-1,0,-1,1.4901161193847656e-8,-2.488939823420402e-15,0,1.4901161193847656e-8,1,-1.6292068494294654e-7,0,0.04931014031171799,-0.0942879393696785,1.527212312169013e-8,1],[7,-1.5326652658131934e-7,-1.721064819548701e-7,-1,0,-0.9983398914337158,-0.05759672075510025,1.629248629342328e-7,0,-0.05759672075510025,0.9983398914337158,-1.6299313188028464e-7,0,-0.04128485918045044,-0.10558448731899261,2.631962736643345e-8,1],[7,-4.2447997117278646e-8,-1.6127827962009178e-7,-1,0,-0.9999450445175171,0.010470450855791569,4.075702264572101e-8,0,0.010470450855791569,0.9999450445175171,-1.617139133713863e-7,0,-0.0734047070145607,-0.10082323104143143,2.0337568074069168e-8,1],[7,-3.951191374085283e-8,-1.6417037329574669e-7,-1,0,-0.9999704360961914,-0.007692007347941399,4.077354276432743e-8,0,-0.007692007347941399,0.9999704360961914,-1.6386158563364006e-7,0,-0.13386420905590057,-0.03385710343718529,8.489354996754628e-9,1],[7,0.29063880443573,0.568934440612793,0.7693127989768982,0,0.34997937083244324,0.6850960850715637,-0.6388718485832214,0,-0.8905298113822937,0.454924613237381,1.8833382853244984e-7,0,0.041663456708192825,-0.20401854813098907,0.034705750644207,1],[7,0.5182987451553345,-0.3735295534133911,0.769312858581543,0,0.6241214275360107,-0.4497940242290497,-0.6388723850250244,0,0.5846698880195618,0.8112714290618896,1.287292690221875e-7,0,-0.17377889156341553,-0.010252966545522213,0.03470579907298088,1],[7,0.3308960199356079,0.9436672329902649,-3.4757103861693395e-9,0,5.061130536887504e-8,-2.143000088494773e-8,-1,0,-0.9436672329902649,0.3308960199356079,-5.485133414140364e-8,0,0.03540004417300224,-0.14007733762264252,-0.000015786865333211608,1],[7,0.8968707919120789,-0.44229254126548767,-3.8136725777349056e-8,0,-1.4744181875414597e-8,5.632719535242359e-8,-1,0,0.44229254126548767,0.8968707919120789,4.3996976728521986e-8,0,-0.10411836951971054,-0.018247472122311592,-0.000015791409168741666,1],[7,0.3308963477611542,0.9436671137809753,-3.6132128400367947e-8,0,5.061130181616136e-8,-5.603588704161666e-8,-1,0,-0.9436671137809753,0.3308963477611542,-6.63022916569389e-8,0,-0.043206941336393356,-0.1400773674249649,-0.000015782332411617972,1],[7,-0.29063835740089417,0.5689342021942139,-0.7693134546279907,0,0.3499794900417328,-0.6850967407226562,-0.6388714909553528,0,-0.8905298113822937,-0.4549245834350586,9.383558818853999e-8,0,0.0416630357503891,0.20401941239833832,0.03470453992486,1],[7,-0.5182985067367554,-0.3735293745994568,-0.7693129777908325,0,0.6241215467453003,0.4497942626476288,-0.6388720273971558,0,0.5846701860427856,-0.8112711310386658,3.932225567382375e-8,0,-0.17377963662147522,0.01025235652923584,0.03470465913414955,1],[7,-0.3308967053890228,0.9436668157577515,1.0788904347691641e-7,0,-6.619144983233127e-7,-1.1777072472796135e-7,-1,0,-0.9436668157577515,-0.3308967053890228,6.635968929913361e-7,0,0.03539856895804405,0.14008119702339172,-0.00001582681761647109,1],[7,-0.8968706130981445,-0.4422929883003235,2.6415708020977036e-7,0,8.065075718377557e-8,-7.607861221003986e-7,-1,0,0.4422929883003235,-0.8968706130981445,7.179979775173706e-7,0,-0.10412204265594482,0.018245596438646317,-0.00001581896322022658,1],[7,-0.33089688420295715,0.9436667561531067,1.0788910032033527e-7,0,-6.619144983233127e-7,-1.1777078867680757e-7,-1,0,-0.9436667561531067,-0.33089688420295715,6.635968929913361e-7,0,-0.04320836067199707,0.14008119702339172,-0.00001583311313879676,1],[7,0.2473153918981552,0.5890607237815857,0.7693129181861877,0,0.297810435295105,0.7093314528465271,-0.6388720870018005,0,-0.9220325350761414,0.38711225986480713,1.6598217200680665e-7,0,-0.08019458502531052,-0.2105993628501892,0.034705810248851776,1],[7,-0.2473151534795761,0.5890602469444275,-0.7693135142326355,0,0.29781076312065125,-0.7093321084976196,-0.638871431350708,0,-0.9220324158668518,-0.38711249828338623,9.383558818853999e-8,0,-0.08019498735666275,0.21060027182102203,0.03470452129840851,1],[7,-4.2448000669992325e-8,-1.612782938309465e-7,-1,0,-0.9999451041221619,0.010470451787114143,4.075701909300733e-8,0,0.010470451787114143,0.9999451041221619,-1.617139133713863e-7,0,-0.16541069746017456,-0.10082326084375381,2.0337568074069168e-8,1]],8,8,8,8,8,8,8,8,8,8,8,8,8,8,8,8,8]]],0,0,[],[],[]]
