[1,0,0,[["cc.Skeleton",["_name","_hash","_joints","_bindposes"],0,12]],[[0,0,1,2,3,4]],[[0,"Skin-0",2092169280,["Bone001","Bone001/Bone004","Bone001/Bone004/Bone005","Bone001/Bone004/Bone005/Bone006","Bone001/Bone004/Bone005/Bone006/Bone007","Bone001/Bone008","Bone001/Bone008/Bone009","Bone001/Bone015","Bone001/Bone015/Bone016","Bone001/Bone008/Bone009/Bone010","Bone001/Bone008/Bone009/Bone010/Bone011","Bone001/Bone008/Bone009/Bone010/Bone011/Bone012","Bone001/Bone008/Bone009/Bone010/Bone011/Bone012/Bone013","Bone001/Bone015/Bone016/Bone017","Bone001/Bone015/Bone016/Bone017/Bone018","Bone001/Bone015/Bone016/Bone017/Bone018/Bone019","Bone001/Bone030","Bone001/Bone030/Bone031","Bone001/Bone030/Bone031/Bone032","Bone001/Bone030/Bone031/Bone032/Bone033","Bone001/Bone020/Bone021","Bone001/Bone020/Bone021/Bone022","Bone001/Bone020/Bone021/Bone022/Bone025","Bone001/Bone020","Bone001/Bone020/Bone021/Bone022/Bone023","Bone001/Bone020/Bone021/Bone022/Bone025/Bone026","Bone001/Bone020/Bone021/Bone022/Bone025/Bone026/Bone027","Bone001/Bone020/Bone021/Bone022/Bone025/Bone026/Bone027/Bone028","Bone001/Bone002","Bone001/Bone036","Bone001/Bone038(mirrored)","Bone001/Bone004(mirrored)","Bone001/Bone004(mirrored)/Bone005(mirrored)","Bone001/Bone004(mirrored)/Bone005(mirrored)/Bone006(mirrored)","Bone001/Bone004(mirrored)/Bone005(mirrored)/Bone006(mirrored)/Bone007(mirrored)","Bone001/Bone008(mirrored)","Bone001/Bone008(mirrored)/Bone009(mirrored)","Bone001/Bone008(mirrored)/Bone009(mirrored)/Bone010(mirrored)","Bone001/Bone008(mirrored)/Bone009(mirrored)/Bone010(mirrored)/Bone011(mirrored)","Bone001/Bone008(mirrored)/Bone009(mirrored)/Bone010(mirrored)/Bone011(mirrored)/Bone012(mirrored)","Bone001/Bone008(mirrored)/Bone009(mirrored)/Bone010(mirrored)/Bone011(mirrored)/Bone012(mirrored)/Bone013(mirrored)","Bone001/Bone015(mirrored)","Bone001/Bone015(mirrored)/Bone016(mirrored)","Bone001/Bone015(mirrored)/Bone016(mirrored)/Bone017(mirrored)","Bone001/Bone015(mirrored)/Bone016(mirrored)/Bone017(mirrored)/Bone018(mirrored)","Bone001/Bone030(mirrored)","Bone001/Bone030(mirrored)/Bone031(mirrored)","Bone001/Bone030(mirrored)/Bone031(mirrored)/Bone032(mirrored)","Bone001/Bone030(mirrored)/Bone031(mirrored)/Bone032(mirrored)/Bone033(mirrored)","Bone001/Bone020(mirrored)/Bone021(mirrored)","Bone001/Bone020(mirrored)/Bone021(mirrored)/Bone022(mirrored)","Bone001/Bone020(mirrored)/Bone021(mirrored)/Bone022(mirrored)/Bone025(mirrored)","Bone001/Bone020(mirrored)","Bone001/Bone020(mirrored)/Bone021(mirrored)/Bone022(mirrored)/Bone023(mirrored)","Bone001/Bone020(mirrored)/Bone021(mirrored)/Bone022(mirrored)/Bone025(mirrored)/Bone026(mirrored)","Bone001/Bone020(mirrored)/Bone021(mirrored)/Bone022(mirrored)/Bone025(mirrored)/Bone026(mirrored)/Bone027(mirrored)","Bone001/Bone020(mirrored)/Bone021(mirrored)/Bone022(mirrored)/Bone025(mirrored)/Bone026(mirrored)/Bone027(mirrored)/Bone028(mirrored)","Bone001/Bone038"],[[[7,-0.014283811673521996,-0.9998980164527893,-7.549019187536032e-8,0,6.297535776369543e-17,7.549790126404332e-8,-1,0,0.9998980164527893,-0.014283811673521996,-1.0783975934458567e-9,0,-0.3613671362400055,0.005431321449577808,-1.5994929825069448e-8,1],[7,0.14832697808742523,0.006549558136612177,-0.9889166355133057,0,-0.8622851967811584,-0.4887630045413971,-0.13257065415382385,0,-0.4842141270637512,0.8723921179771423,-0.06684914231300354,0,0.032288242131471634,-0.6536685228347778,0.07056499272584915,1],[7,0.4947108328342438,0.28348395228385925,-0.8215218186378479,0,-0.4928441345691681,-0.6870808601379395,-0.5338770151138306,0,-0.7157974243164062,0.668997049331665,-0.2001928985118866,0,0.06625378131866455,-0.676011860370636,-0.06992395222187042,1],[7,0.8014887571334839,0.2687564194202423,-0.5342146754264832,0,-0.3014717102050781,-0.5899115800857544,-0.7490787506103516,0,-0.5164591073989868,0.761428952217102,-0.391785204410553,0,-0.15482014417648315,-0.6495585441589355,-0.1840304732322693,1],[7,-0.06492394953966141,0.14355789124965668,-0.9875097274780273,0,-0.7412460446357727,-0.6694725751876831,-0.04859032854437828,0,-0.6680864691734314,0.7288331389427185,0.1498764455318451,0,-0.28492972254753113,-0.6462644338607788,0.29419127106666565,1],[7,0.9002558588981628,-0.11751991510391235,0.41919955611228943,0,-0.41895565390586853,0.027977146208286285,0.9075756072998047,0,-0.11838620156049728,-0.992676317691803,-0.024049049243330956,0,-0.15423670411109924,0.6049685478210449,0.14494098722934723,1],[7,0.559571385383606,-0.77946937084198,0.28161555528640747,0,0.006987570784986019,0.3442194163799286,0.9388632774353027,0,-0.8287526369094849,-0.5233931541442871,0.1980619579553604,0,0.2610384523868561,0.6826426386833191,0.08085183799266815,1],[7,0.9491556286811829,0.3039857745170593,-0.0818307027220726,0,-0.08589549362659454,-2.643341758812312e-7,-0.9963041543960571,0,-0.3028623163700104,0.95267653465271,0.026110757142305374,0,-0.0027558626607060432,-0.5356050729751587,-0.03890843316912651,1],[7,0.9863194227218628,0.15739038586616516,0.049010470509529114,0,0.041477277874946594,0.050797924399375916,-0.997847318649292,0,-0.15954118967056274,0.9862290024757385,0.04357486590743065,0,-0.25262385606765747,-0.4994492530822754,-0.09042613208293915,1],[7,0.18709473311901093,-0.9425868988037109,0.2766321301460266,0,0.13592931628227234,0.3037368357181549,0.943009614944458,0,-0.9728919267654419,-0.13882970809936523,0.1849527806043625,0,0.3478841483592987,0.5909010767936707,0.08976536989212036,1],[7,0.40769055485725403,-0.898989737033844,-0.16001743078231812,0,0.5350803136825562,0.09320414811372757,0.8396438956260681,0,-0.739916980266571,-0.4279370605945587,0.5190303325653076,0,0.14391078054904938,0.5823749899864197,0.19009798765182495,1],[7,0.6284645199775696,-0.20067892968654633,-0.7515052556991577,0,0.7777329683303833,0.1780163049697876,0.6028611063957214,0,0.012798666954040527,-0.9633472561836243,0.2679515480995178,0,-0.17782433331012726,0.3007444739341736,0.5032975673675537,1],[7,0.6578402519226074,0.08851660043001175,0.7479378581047058,0,0.7184799909591675,-0.37161895632743835,-0.587950587272644,0,0.22590452432632446,0.9241558909416199,-0.308063268661499,0,-0.34930458664894104,-0.25045353174209595,-0.49275797605514526,1],[7,0.6474459171295166,-0.15338987112045288,0.7465153932571411,0,0.6406574845314026,-0.4209747612476349,-0.6421356797218323,0,0.41276127099990845,0.8940089344978333,-0.17428797483444214,0,-0.48496291041374207,-0.3193061947822571,-0.34665706753730774,1],[7,-0.06693065166473389,-0.11448130756616592,0.991168200969696,0,0.8375334143638611,-0.54634690284729,-0.00654766708612442,0,0.5422711968421936,0.8296982645988464,0.13244926929473877,0,-0.3211858868598938,-0.29941612482070923,-0.7345478534698486,1],[7,-0.03980523720383644,-0.9970037341117859,-0.06632589548826218,0,0.8574414849281311,-5.826979077028227e-7,-0.514581561088562,0,0.5130397081375122,-0.07735360413789749,0.8548724055290222,0,-0.49256789684295654,0.7063600420951843,-0.35423988103866577,1],[7,0.6316393613815308,-0.5028551816940308,-0.5900578498840332,0,0.6438916325569153,-0.08362474292516708,0.7605329751968384,0,-0.4317813813686371,-0.8603159189224243,0.270963579416275,0,0.0036046348977833986,0.5830018520355225,-0.16128882765769958,1],[7,0.18910056352615356,-0.7707608938217163,-0.6084148287773132,0,0.537199079990387,-0.43745288252830505,0.7211463451385498,0,-0.8219841718673706,-0.4632091522216797,0.33132943511009216,0,0.07709622383117676,0.6476035118103027,-0.1652577519416809,1],[7,-0.6633349657058716,-0.5883514285087585,-0.4624163508415222,0,0.20845647156238556,-0.7387582659721375,0.6409226059913635,0,-0.7187016010284424,0.328752726316452,0.6126901507377625,0,0.3485228717327118,0.5324312448501587,-0.25381502509117126,1],[7,-0.6380624771118164,-0.3990047872066498,-0.6585373878479004,0,-0.1766664832830429,-0.7565810084342957,0.6295824646949768,0,-0.7494434118270874,0.5180544257164001,0.41225507855415344,0,0.28239595890045166,0.4877720773220062,-0.19131939113140106,1],[7,0.6599241495132446,-0.26196983456611633,0.7041817903518677,0,0.14830201864242554,-0.873386800289154,-0.4638987183570862,0,0.7365506291389465,0.41056954860687256,-0.5375182628631592,0,-0.7051859498023987,0.019541041925549507,0.08188631385564804,1],[7,0.3883158564567566,0.19573281705379486,0.9004994630813599,0,0.2805968225002289,-0.9558951258659363,0.08677390962839127,0,0.8777676224708557,0.21898162364959717,-0.42611128091812134,0,-0.9766141176223755,-0.0945494994521141,-0.237136572599411,1],[7,-0.3344803750514984,-0.3837810754776001,-0.8607175946235657,0,0.2216276228427887,0.8556734323501587,-0.4676578938961029,0,0.915971577167511,-0.34718120098114014,-0.20114950835704803,0,-0.6130313277244568,0.3173335790634155,0.7835491895675659,1],[7,0.7689422369003296,0.08119052648544312,0.6341419816017151,0,0.4858090281486511,-0.7189977765083313,-0.4970230460166931,0,0.41559314727783203,0.6902539134025574,-0.5923107266426086,0,-0.3631526529788971,-0.3021060526371002,0.14651986956596375,1],[7,-0.529350996017456,0.5223897099494934,0.6685030460357666,0,0.7488229870796204,-0.08271466195583344,0.6575881242752075,0,0.3988122344017029,0.8486854434013367,-0.3473924398422241,0,-0.2320651113986969,-1.2039283514022827,-0.3095077574253082,1],[7,-0.3658144772052765,-0.4068043529987335,-0.8370721936225891,0,0.2933776378631592,0.8031530976295471,-0.518531084060669,0,0.8832380175590515,-0.4352644383907318,-0.17445774376392365,0,-0.8251838684082031,0.4366012513637543,0.7579004168510437,1],[7,-0.7893821597099304,0.04703346639871597,-0.6120972633361816,0,0.6098417639732361,-0.05439779534935951,-0.7906537652015686,0,-0.07048391550779343,-0.9974109530448914,0.01425767969340086,0,0.22069142758846283,1.2261854410171509,0.5212445855140686,1],[7,-0.7618342041969299,0.21200186014175415,-0.6120972037315369,0,0.5847607254981995,-0.18144109845161438,-0.7906537652015686,0,-0.27867963910102844,-0.9602779150009155,0.014257680624723434,0,0.25982484221458435,1.1983425617218018,0.5212445855140686,1],[7,0.002958606230095029,-0.9999957084655762,1.2546824690318203e-10,0,-1.3017389388636502e-9,-1.2932016568711902e-10,-1,0,0.9999957084655762,0.002958606230095029,-1.3021156375359055e-9,0,-0.7596721649169922,-0.007668100297451019,-2.061615056447863e-8,1],[7,-2.564629539847374e-7,-2.0050289606388105e-7,-1.0000001192092896,0,-0.8804711699485779,-0.47409960627555847,3.208666612408706e-7,0,-0.47409966588020325,0.8804710507392883,-5.4948049665881626e-8,0,0.01044440921396017,-0.797648549079895,1.4339887854930566e-7,1],[7,-0.40482425689697266,-1.2374096058920259e-7,-0.9143944382667542,0,-0.9101253747940063,0.09651727974414825,0.4029342830181122,0,0.08825479447841644,0.9953315258026123,-0.03907264396548271,0,-0.3564032018184662,-0.5934823751449585,0.23040957748889923,1],[7,-0.14832691848278046,-0.006549202837049961,-0.9889166951179504,0,-0.8622855544090271,-0.4887627959251404,0.13257044553756714,0,-0.4842138886451721,0.8723923563957214,0.06684937328100204,0,0.032328829169273376,-0.6536668539047241,-0.07029327005147934,1],[7,-0.49471092224121094,-0.28348395228385925,-0.8215218186378479,0,-0.4928446412086487,-0.6870805025100708,0.5338771343231201,0,-0.7157973647117615,0.6689974069595337,0.20019258558750153,0,0.06638959795236588,-0.6759340167045593,0.0701499879360199,1],[7,-0.8014890551567078,-0.2687565088272095,-0.5342146158218384,0,-0.3014719486236572,-0.5899114608764648,0.7490788698196411,0,-0.5164591073989868,0.7614293694496155,0.3917849361896515,0,-0.1545998752117157,-0.6494848728179932,0.1841774731874466,1],[7,0.06492404639720917,-0.1435575783252716,-0.987510085105896,0,-0.7412457466125488,-0.6694723963737488,0.048590037971735,0,-0.668086051940918,0.7288331389427185,-0.14987637102603912,0,-0.2849474251270294,-0.6462249159812927,-0.29392004013061523,1],[7,-0.9002560973167419,0.11752002686262131,0.4191994071006775,0,-0.41895556449890137,0.02797720767557621,-0.9075757265090942,0,-0.11838636547327042,-0.9926761984825134,0.024049019441008568,0,-0.1540663093328476,0.6049462556838989,-0.14502032101154327,1],[7,-0.5595715045928955,0.77946937084198,0.2816154956817627,0,0.006987587548792362,0.3442194163799286,-0.9388632774353027,0,-0.8287526965141296,-0.5233932733535767,-0.1980619877576828,0,0.26114422082901,0.6824951171875,-0.08090517669916153,1],[7,-0.1870948076248169,0.9425871968269348,0.2766319513320923,0,0.13592980802059174,0.3037368357181549,-0.9430094957351685,0,-0.9728919267654419,-0.13882967829704285,-0.1849532425403595,0,0.3479195237159729,0.5907227993011475,-0.08981753140687943,1],[7,-0.4076903164386749,0.898989737033844,-0.16001799702644348,0,0.5350807905197144,0.0932035818696022,-0.8396438360214233,0,-0.7399171590805054,-0.4279370605945587,-0.5190304517745972,0,0.14398814737796783,0.5822045803070068,-0.19006772339344025,1],[7,-0.6284645199775696,0.20067864656448364,-0.7515053749084473,0,0.7777330279350281,0.17801648378372192,-0.6028611063957214,0,0.012798996642231941,-0.963347315788269,-0.26795142889022827,0,-0.17770546674728394,0.3007063865661621,-0.5031552314758301,1],[7,-0.6578398942947388,-0.08851635456085205,0.7479381561279297,0,0.7184799313545227,-0.37161898612976074,0.5879504680633545,0,0.22590479254722595,0.924155592918396,0.30806317925453186,0,-0.34918010234832764,-0.2504364252090454,0.4926164150238037,1],[7,-0.9491559267044067,-0.30398550629615784,-0.08183053880929947,0,-0.0858953595161438,-1.4399221015537478e-7,0.9963042736053467,0,-0.30286210775375366,0.9526766538619995,-0.026110803708434105,0,-0.002520470879971981,-0.5355297327041626,0.0389288030564785,1],[7,-0.9863196015357971,-0.1573900729417801,0.0490105114877224,0,0.04147733747959137,0.050797898322343826,0.9978474974632263,0,-0.15954089164733887,0.9862291216850281,-0.043574851006269455,0,-0.25237923860549927,-0.4994103014469147,0.09041396528482437,1],[7,-0.6474457383155823,0.153390035033226,0.7465155124664307,0,0.6406572461128235,-0.4209749698638916,0.642135739326477,0,0.41276150941848755,0.8940087556838989,0.1742880493402481,0,-0.4848023056983948,-0.31934425234794617,0.3464718163013458,1],[7,0.06693081557750702,0.11448132991790771,0.9911681413650513,0,0.8375334739685059,-0.5463468432426453,0.006547552067786455,0,0.5422711968421936,0.8296982049942017,-0.13244938850402832,0,-0.32120248675346375,-0.29944467544555664,0.7343018054962158,1],[7,-0.6316391825675964,0.5028555989265442,-0.590057909488678,0,0.6438918709754944,-0.08362487703561783,-0.7605329155921936,0,-0.4317817687988281,-0.8603157997131348,-0.2709638178348541,0,0.003427306190133095,0.5831432342529297,0.1611231416463852,1],[7,-0.1891002655029297,0.7707610130310059,-0.6084152460098267,0,0.5371991991996765,-0.43745332956314087,-0.721146285533905,0,-0.8219842910766602,-0.4632091820240021,-0.3313295543193817,0,0.07704319804906845,0.6478202939033508,0.1650867909193039,1],[7,0.6633356809616089,0.5883514285087585,-0.4624161720275879,0,0.20845647156238556,-0.7387585043907166,-0.6409226655960083,0,-0.7187018990516663,0.32875317335128784,-0.6126902103424072,0,0.34870949387550354,0.5325966477394104,0.2536853849887848,1],[7,0.638062596321106,0.39900439977645874,-0.6585376262664795,0,-0.1766664683818817,-0.7565810680389404,-0.6295822858810425,0,-0.749443531036377,0.5180540680885315,-0.4122554063796997,0,0.2825752794742584,0.48788416385650635,0.19113442301750183,1],[7,-0.659924328327179,0.2619701325893402,0.7041817903518677,0,0.14830203354358673,-0.873386800289154,0.46389925479888916,0,0.7365505695343018,0.4105699062347412,0.5375183820724487,0,-0.7052803039550781,0.01957843080163002,-0.08178571611642838,1],[7,-0.38831621408462524,-0.19573310017585754,0.9004995822906494,0,0.28059715032577515,-0.9558954238891602,-0.08677395433187485,0,0.8777676820755005,0.21898186206817627,0.42611175775527954,0,-0.9766699075698853,-0.09457780420780182,0.2372651845216751,1],[7,0.33448007702827454,0.383780837059021,-0.8607178926467896,0,0.22162754833698273,0.8556739091873169,0.4676574468612671,0,0.9159719347953796,-0.34718090295791626,0.20114941895008087,0,-0.6129838228225708,0.3173879086971283,-0.7836723923683167,1],[7,-0.7689422965049744,-0.08119076490402222,0.6341419219970703,0,0.4858090877532959,-0.7189978361129761,0.4970230162143707,0,0.4155929684638977,0.6902539134025574,0.5923109650611877,0,-0.36326247453689575,-0.3021177053451538,-0.1464293748140335,1],[7,0.5293510556221008,-0.5223901271820068,0.6685029864311218,0,0.7488232851028442,-0.08271415531635284,-0.6575879454612732,0,0.3988119065761566,0.8486858606338501,0.3473929464817047,0,-0.2319890558719635,-1.2040038108825684,0.3096030056476593,1],[7,0.36581405997276306,0.4068041145801544,-0.8370724320411682,0,0.29337790608406067,0.8031533360481262,0.5185306668281555,0,0.8832380175590515,-0.4352644681930542,0.17445743083953857,0,-0.8251318335533142,0.4366590976715088,-0.7580199241638184,1],[7,0.7893823981285095,-0.047033630311489105,-0.6120976209640503,0,0.6098421812057495,-0.05439770594239235,0.7906539440155029,0,-0.07048399746417999,-0.9974112510681152,-0.01425749622285366,0,0.22080451250076294,1.2261788845062256,-0.5213328003883362,1],[7,0.7618345618247986,-0.21200188994407654,-0.6120973229408264,0,0.5847609043121338,-0.18144121766090393,0.7906540036201477,0,-0.27867963910102844,-0.9602786302566528,-0.01425777655094862,0,0.2599338889122009,1.1983129978179932,-0.521332323551178,1],[7,0.40029290318489075,0.060401249676942825,-0.9143944978713989,0,-0.9143387675285339,-0.04035651683807373,-0.4029342830181122,0,-0.06123949959874153,0.9973582029342651,0.03907276690006256,0,-0.2637175917625427,-0.6497415900230408,-0.2297690063714981,1]],8,8,8,8,8,8,8,8,8,8,8,8,8,8,8,8,8,8,8,8,8,8,8,8,8,8,8,8,8,8,8,8,8,8,8,8,8,8,8,8,8,8,8,8,8,8,8,8,8,8,8,8,8,8,8,8,8,8]]],0,0,[],[],[]]
