[1,0,0,[["cc.Skeleton",["_name","_hash","_joints","_bindposes"],0,12]],[[0,0,1,2,3,4]],[[0,"Skin-0",178126900,["Bone002/Bone016/Bone004/Bone005","Bone002/Bone016/Bone004/Bone005/Bone011","Bone002/Bone016/Bone004/Bone005/Bone011/Bone012","Bone002/Bone016/Bone004/Bone005/Bone006","Bone002/Bone016","Bone002/Bone016/Bone004/Bone005/Bone008","Bone002/Bone016/Bone004/Bone005/Bone008/Bone009","Bone002/Bone016/Bone004/Bone005/Bone008(mirrored)","Bone002/Bone016/Bone004/Bone005/Bone008(mirrored)/Bone009(mirrored)","Bone002/Bone016/Bone004/Bone005/Bone014","Bone002/Bone003","Bone002/Bone015(mirrored)","Bone002/Bone016/Bone004","Bone002","Bone002/Bone016/Bone004/Bone005/Bone014(mirrored)","Bone002/Bone015"],[[[7,1.9302044051983103e-7,-1,-3.852983709862201e-8,0,6.123234262925839e-17,3.852983709862201e-8,-1,0,1,1.9302044051983103e-7,7.498277850405757e-15,0,-0.5432602763175964,0.004916622769087553,-3.790401237324659e-8,1],[7,-2.355942569920444e-7,-2.243258876433174e-7,-1,0,-0.9816755056381226,-0.19056035578250885,2.7402472824178403e-7,0,-0.19056034088134766,0.9816755652427673,-1.7532029517042247e-7,0,-0.1538691371679306,-0.7507379055023193,1.934847375650861e-7,1],[7,-9.350453211709464e-8,-3.0200700962268456e-7,-1,0,-0.9885977506637573,-0.15058112144470215,1.379148955038545e-7,0,-0.15058110654354095,0.9885978698730469,-2.844833488779841e-7,0,-0.37949302792549133,-0.7359493374824524,2.23393612941436e-7,1],[7,1.9274274620784126e-7,-1,-1.7055300505219861e-9,0,6.123234262925839e-17,1.7055300505219861e-9,-1,0,1,1.9274274620784126e-7,3.8996086637497704e-16,0,-0.8130612969398499,0.004916570149362087,-9.552830704251392e-8,1],[7,0.9999945759773254,-0.003311153966933489,-8.605783863302463e-10,0,-1.4000171022487962e-9,-1.6291328108763992e-7,-1,0,0.003311153966933489,0.9999945759773254,-1.6291701854243001e-7,0,-0.013396444730460644,-0.4090369939804077,5.563288141274825e-8,1],[7,0.7008054256439209,-0.7071070671081543,0.09418982267379761,0,0.13320492208003998,3.3864878901113116e-7,-0.9910885095596313,0,0.7008057236671448,0.7071067094802856,0.09419034421443939,0,-0.8017578721046448,-0.3349435031414032,0.09328240901231766,1],[7,0.6371747851371765,-0.7649426460266113,0.09418994933366776,0,0.1327081173658371,-0.011494169943034649,-0.9910885095596313,0,0.759208619594574,0.6439962983131409,0.09419023990631104,0,-1.108195185661316,-0.24021270871162415,0.09328244626522064,1],[7,-0.7008057832717896,0.7071068286895752,0.09418955445289612,0,0.13320454955101013,3.676931044083176e-7,0.9910886287689209,0,0.7008057236671448,0.7071068286895752,-0.0941900685429573,0,-0.801583468914032,-0.33511969447135925,-0.09330613911151886,1],[7,-0.637174665927887,0.764942467212677,0.09418943524360657,0,0.1327076256275177,-0.011493895202875137,0.9910886883735657,0,0.7592085599899292,0.643996000289917,-0.0941900685429573,0,-1.1080362796783447,-0.240402951836586,-0.0933062732219696,1],[7,0.6490874886512756,-0.7607138752937317,-3.852983354590833e-8,0,-1.7182161116124917e-7,-9.595909489235055e-8,-1,0,0.7607138752937317,0.6490874886512756,-1.9299289988339297e-7,0,-0.742013156414032,-0.3800415098667145,-0.3281247615814209,1],[7,0.005249893758445978,0.9999862313270569,-0.000005764742581959581,0,1.6291025417558558e-7,-0.000005765677087765653,-1,0,-0.9999862313270569,0.005249893758445978,-1.9317720045819442e-7,0,0.3527457118034363,-0.005389792378991842,8.669943696304472e-8,1],[7,4.768355665873969e-7,1.3550743460655212e-7,-1,0,-1,6.467600028670431e-14,-4.768355665873969e-7,0,6.123234262925839e-17,1,1.3550743460655212e-7,0,-0.25323304533958435,-0.32672837376594543,0.45099979639053345,1],[7,0.006357461214065552,-0.9999798536300659,0.000004729841748485342,0,-1.6291920701405616e-7,-0.000004730973614641698,-1,0,0.9999798536300659,0.006357461214065552,-1.9299288567253825e-7,0,-0.3604631721973419,0.0014628707431256771,4.34964491091705e-8,1],[7,0.9999774694442749,0.006711329333484173,-8.605784973525488e-10,0,2.3283064365386963e-10,-1.6291912174892786e-7,-1,0,-0.006711329333484173,0.9999774694442749,-1.6291701854243001e-7,0,0.0022917839232832193,-0.34147217869758606,5.563288141274825e-8,1],[7,-0.6490874290466309,0.7607139348983765,-2.0934220401613857e-7,0,-1.2180315422938293e-7,1.7126193085914565e-7,1,0,0.7607139348983765,0.6490874290466309,-1.8506597143641557e-8,0,-0.7423192262649536,-0.3796827495098114,0.32812488079071045,1],[7,4.768355665873969e-7,-2.2212043404579163e-7,-1,0,-1,-1.0585369386584276e-13,-4.768355665873969e-7,0,6.123234262925839e-17,1,-2.2212043404579163e-7,0,-0.2532326281070709,-0.3267284035682678,-0.4508057236671448,1]],8,8,8,8,8,8,8,8,8,8,8,8,8,8,8,8]]],0,0,[],[],[]]
