[1,0,0,[["cc.Skeleton",["_name","_hash","_joints","_bindposes"],0,12]],[[0,0,1,2,3,4]],[[0,"Skin-1",3749854835,["Bip001/Bip001 Pelvis/Bip001 Spine","Bip001/Bip001 Pelvis/Bip001 Spine/Bip001 Spine1","Bip001/Bip001 Pelvis","Bip001/Bip001 Pelvis/Bip001 Spine/Bip001 R Thigh","Bip001/Bip001 Pelvis/Bip001 Spine/Bip001 L Thigh","Bip001/Bip001 Pelvis/Bip001 Spine/Bip001 Spine1/Bip001 Neck/Bip001 Head","Bip001/Bip001 Pelvis/Bip001 Spine/Bip001 Spine1/Bip001 Neck","Bip001/Bip001 Pelvis/Bip001 Spine/Bip001 R Thigh/Bip001 R Calf/Bip001 R Foot","Bip001/Bip001 Pelvis/Bip001 Spine/Bip001 R Thigh/Bip001 R Calf/Bip001 R Foot/Bip001 R Toe0","Bip001/Bip001 Pelvis/Bip001 Spine/Bip001 R Thigh/Bip001 R Calf","Bip001/Bip001 Pelvis/Bip001 Spine/Bip001 Spine1/Bip001 Neck/Bip001 R Clavicle/Bip001 R UpperArm","Bip001/Bip001 Pelvis/Bip001 Spine/Bip001 Spine1/Bip001 Neck/Bip001 R Clavicle","Bip001/Bip001 Pelvis/Bip001 Spine/Bip001 Spine1/Bip001 Neck/Bip001 R Clavicle/Bip001 R UpperArm/Bip001 R Forearm","Bip001/Bip001 Pelvis/Bip001 Spine/Bip001 Spine1/Bip001 Neck/Bip001 R Clavicle/Bip001 R UpperArm/Bip001 R Forearm/Bip001 R Hand","Bip001/Bip001 Pelvis/Bip001 Spine/Bip001 L Thigh/Bip001 L Calf/Bip001 L Foot","Bip001/Bip001 Pelvis/Bip001 Spine/Bip001 L Thigh/Bip001 L Calf/Bip001 L Foot/Bip001 L Toe0","Bip001/Bip001 Pelvis/Bip001 Spine/Bip001 L Thigh/Bip001 L Calf","Bip001/Bip001 Pelvis/Bip001 Spine/Bip001 Spine1/Bip001 Neck/Bip001 L Clavicle/Bip001 L UpperArm","Bip001/Bip001 Pelvis/Bip001 Spine/Bip001 Spine1/Bip001 Neck/Bip001 L Clavicle","Bip001/Bip001 Pelvis/Bip001 Spine/Bip001 Spine1/Bip001 Neck/Bip001 L Clavicle/Bip001 L UpperArm/Bip001 L Forearm","Bip001/Bip001 Pelvis/Bip001 Spine/Bip001 Spine1/Bip001 Neck/Bip001 L Clavicle/Bip001 L UpperArm/Bip001 L Forearm/Bip001 L Hand"],[[[7,1.9513164772888558e-7,-0.0000014095679716774612,1,0,-0.07075494527816772,-0.9974937438964844,-0.0000013922286825618357,0,0.9974936842918396,-0.07075494527816772,-2.943765196050663e-7,0,-0.8772998452186584,0.04664260521531105,2.3710339291937998e-7,1],[7,-2.0812547063542297e-7,-0.0000014388731415237999,1,0,0.07501117140054703,-0.9971826672554016,-0.0000014192077060215524,0,0.9971826076507568,0.07501117885112762,3.1547074286208954e-7,0,-1.0282343626022339,-0.10375521332025528,-3.931396292955469e-7,1],[7,0.0000013868000223737909,0.0000027577070795814507,1,0,6.123234262925839e-17,-1,0.0000027577070795814507,0,1,-3.8243271396898315e-12,-0.0000013868001360606286,0,-0.7947863936424255,-0.0156707763671875,0.0000011454252444309532,1],[7,-0.11430187523365021,0.0029984109569340944,-0.9934415817260742,0,-0.031393881887197495,-0.999506950378418,0.0005953522049821913,0,-0.9929498434066772,0.03125603869557381,0.1143396645784378,0,0.7761326432228088,-0.0401756726205349,-0.20001612603664398,1],[7,0.11430179327726364,-0.002995668677613139,-0.993441641330719,0,-0.031393568962812424,-0.999506950378418,-0.0005980725400149822,0,-0.992949903011322,0.03125603869557381,-0.11433949321508408,0,0.7761327028274536,-0.0401756726205349,0.20001596212387085,1],[7,0.0000013430886838250444,-0.000001402693328600435,1,0,6.123234262925839e-17,-1,-0.000001402693328600435,0,1,1.8840029362976463e-12,-0.0000013430887975118821,0,-1.353366494178772,-0.0021779832895845175,0.0000018517175703891553,1],[7,-2.0812547063542297e-7,-0.0000014388731415237999,1,0,0.07501117140054703,-0.9971826672554016,-0.0000014192077060215524,0,0.9971826076507568,0.07501117885112762,3.1547074286208954e-7,0,-1.2668136358261108,-0.10368946194648743,-3.9295727560784144e-7,1],[7,4.371138828673793e-8,0.000001370906943520822,-1,0,-6.123234262925839e-17,-1,-0.000001370906943520822,0,-1,5.998547741425247e-14,-4.371139183945161e-8,0,0.10502708703279495,0.010570758953690529,-0.1892421990633011,1],[7,0.0000013716037301492179,4.371133144331907e-8,-1,0,-1,6.001584862760923e-14,-0.0000013716037301492179,0,6.123234262925839e-17,1,4.371133144331907e-8,0,-0.1094062328338623,-0.003113740822300315,-0.18924221396446228,1],[7,-0.11368556320667267,-0.012227317318320274,-0.9934415817260742,0,0.10179304331541061,-0.9948055148124695,0.0005953065701760352,0,-0.9882883429527283,-0.1010577604174614,0.1143396720290184,0,0.44237351417541504,0.01881546713411808,-0.20001612603664398,1],[7,-0.48005253076553345,-0.0136359678581357,0.8771337270736694,0,-0.023252779617905617,0.9997255802154541,0.0028156174812465906,0,-0.8769315481185913,-0.01904415339231491,-0.48023784160614014,0,0.9324255585670471,0.0279356949031353,0.778301477432251,1],[7,-1,-0.0000013345611478143837,2.528996674300288e-7,0,-0.0000013498922726284945,0.9971226453781128,-0.07580523937940598,0,-1.5100528116818168e-7,-0.07580524682998657,-0.997122585773468,0,-0.11183983832597733,0.09877133369445801,1.1879057884216309,1],[7,-0.4603445827960968,-0.13681818544864655,0.8771337270736694,0,-0.2799573540687561,0.960008442401886,0.0028156940825283527,0,-0.8424410223960876,-0.2442638874053955,-0.48023781180381775,0,0.6468443274497986,0.2013290524482727,0.778301477432251,1],[7,-0.4535903334617615,0.8770078420639038,0.1584707796573639,0,-0.323661208152771,0.003569080727174878,-0.9461663961410522,0,-0.8303609490394592,-0.4804626703262329,0.2822345495223999,0,0.4090050458908081,0.7784765958786011,-0.21968579292297363,1],[7,4.371138828673793e-8,0.000001370906943520822,-1,0,-6.123234262925839e-17,-1,-0.000001370906943520822,0,-1,5.998547741425247e-14,-4.371139183945161e-8,0,0.10502707213163376,0.010570758022367954,0.18924203515052795,1],[7,0.0000013716037301492179,-4.3711455788297826e-8,-1,0,-1,-5.989355739881644e-14,-0.0000013716037301492179,0,6.123234262925839e-17,1,-4.3711455788297826e-8,0,-0.1094062328338623,-0.003113740822300315,0.18924203515052795,1],[7,0.11368511617183685,0.01223002653568983,-0.993441641330719,0,0.10179335623979568,-0.9948054552078247,-0.0005980286514386535,0,-0.9882883429527283,-0.10105776786804199,-0.11433950811624527,0,0.4423735439777374,0.018815472722053528,0.20001596212387085,1],[7,0.4800525903701782,0.01363322976976633,0.8771337270736694,0,-0.02325146459043026,0.9997256994247437,-0.0028132139705121517,0,-0.8769315481185913,-0.01904415339231491,0.48023784160614014,0,0.9324256181716919,0.027935707941651344,-0.778301477432251,1],[7,1,-0.0000013345611478143837,-1.6547689085655293e-7,0,0.000001343265239484026,0.9971226453781128,0.07580523937940598,0,6.383402961773754e-8,-0.07580524682998657,0.997122585773468,0,-0.11184004694223404,0.09877132624387741,-1.1879057884216309,1],[7,0.4603453576564789,0.13681556284427643,0.8771337270736694,0,-0.2799561023712158,0.9600088000297546,-0.002813291735947132,0,-0.8424410223960876,-0.2442638874053955,0.48023784160614014,0,0.6468443274497986,0.2013290673494339,-0.778301477432251,1],[7,0.4535912275314331,-0.8770078420639038,0.15846820175647736,0,-0.3236599862575531,0.0035666916519403458,0.9461668133735657,0,-0.8303609490394592,-0.4804627001285553,-0.2822345495223999,0,0.4090050458908081,0.7784765958786011,0.21968580782413483,1]],8,8,8,8,8,8,8,8,8,8,8,8,8,8,8,8,8,8,8,8,8]]],0,0,[],[],[]]
