[1,0,0,[["cc.Skeleton",["_name","_hash","_joints","_bindposes"],0,12]],[[0,0,1,2,3,4]],[[0,"Skin-0",1101573469,["Bip001/Bip001 Pelvis/Bip001 Spine/Bip001 Spine1/Bip001 Neck","Bip001/Bip001 Pelvis/Bip001 Spine/Bip001 Spine1/Bip001 Neck/Bip001 Head","Bip001/Bip001 Pelvis/Bip001 Spine/Bip001 Spine1/Bip001 Neck/Bip001 Head/Bone011","Bip001/Bip001 Pelvis/Bip001 Spine/Bip001 Spine1/Bip001 Neck/Bip001 Head/Bone009","Bip001/Bip001 Pelvis/Bip001 Spine/Bip001 Spine1/Bip001 Neck/Bip001 Head/Bone015/Bone016","Bip001/Bip001 Pelvis/Bip001 Spine/Bip001 Spine1/Bip001 Neck/Bip001 Head/Bone015","Bip001/Bip001 Pelvis/Bip001 Spine","Bip001/Bip001 Pelvis/Bip001 Spine/Bip001 Spine1","Bip001/Bip001 Pelvis/Bip001 Spine/Bip001 Spine1/Bip001 Neck/Bip001 L Clavicle/Bip001 L UpperArm","Bip001/Bip001 Pelvis","Bip001/Bip001 Pelvis/Bip001 Spine/Bip001 L Thigh","Bip001/Bip001 Pelvis/Bip001 Spine/Bip001 Spine1/Bip001 Neck/Bip001 Head/Bone017","Bip001/Bip001 Pelvis/Bip001 Spine/Bip001 Spine1/Bip001 Neck/Bip001 Head/Bone005","Bip001/Bip001 Pelvis/Bip001 Spine/Bip001 Spine1/Bip001 Neck/Bip001 Head/Bone007","Bip001/Bip001 Pelvis/Bip001 Spine/Bip001 Spine1/Bip001 Neck/Bip001 L Clavicle","Bip001/Bip001 Pelvis/Bip001 Spine/Bip001 L Thigh/Bip001 L Calf","Bip001/Bip001 Pelvis/Bip001 Spine/Bip001 L Thigh/Bip001 L Calf/Bip001 L Foot","Bip001/Bip001 Pelvis/Bip001 Spine/Bip001 L Thigh/Bip001 L Calf/Bip001 L Foot/Bip001 L Toe0","Bip001/Bip001 Footsteps","Bip001/Bone001","Bip001/Bone001/Bone002","Bip001/Bip001 Pelvis/Bip001 Spine/Bip001 Spine1/Bip001 Neck/Bip001 L Clavicle/Bip001 L UpperArm/Bip001 L Forearm","Bip001/Bip001 Pelvis/Bip001 Spine/Bip001 Spine1/Bip001 Neck/Bip001 L Clavicle/Bip001 L UpperArm/Bip001 L Forearm/Bip001 L Hand","Bip001/Bip001 Pelvis/Bip001 Spine/Bip001 Spine1/Bip001 Neck/Bip001 L Clavicle/Bip001 L UpperArm/Bip001 L Forearm/Bip001 L Hand/Bip001 L Finger0","Bip001/Bip001 Pelvis/Bip001 Spine/Bip001 Spine1/Bip001 Neck/Bip001 Head/Bone009/Bone010","Bip001/Bip001 Pelvis/Bip001 Spine/Bip001 Spine1/Bip001 Neck/Bip001 Head/Bone013","Bip001/Bip001 Pelvis/Bip001 Spine/Bip001 Spine1/Bip001 Neck/Bip001 Head/Bone013/Bone014","Bip001/Bip001 Pelvis/Bip001 Spine/Bip001 Spine1/Bip001 Neck/Bip001 R Clavicle/Bip001 R UpperArm","Bip001/Bip001 Pelvis/Bip001 Spine/Bip001 R Thigh","Bip001/Bip001 Pelvis/Bip001 Spine/Bip001 Spine1/Bip001 Neck/Bip001 Head/Bone026","Bip001/Bip001 Pelvis/Bip001 Spine/Bip001 Spine1/Bip001 Neck/Bip001 R Clavicle","Bip001/Bip001 Pelvis/Bip001 Spine/Bip001 R Thigh/Bip001 R Calf","Bip001/Bip001 Pelvis/Bip001 Spine/Bip001 R Thigh/Bip001 R Calf/Bip001 R Foot","Bip001/Bip001 Pelvis/Bip001 Spine/Bip001 R Thigh/Bip001 R Calf/Bip001 R Foot/Bip001 R Toe0","Bip001/Bip001 Pelvis/Bip001 Spine/Bip001 Spine1/Bip001 Neck/Bip001 R Clavicle/Bip001 R UpperArm/Bip001 R Forearm","Bip001/Bip001 Pelvis/Bip001 Spine/Bip001 Spine1/Bip001 Neck/Bip001 R Clavicle/Bip001 R UpperArm/Bip001 R Forearm/Bip001 R Hand","Bip001/Bip001 Pelvis/Bip001 Spine/Bip001 Spine1/Bip001 Neck/Bip001 R Clavicle/Bip001 R UpperArm/Bip001 R Forearm/Bip001 R Hand/Bip001 R Finger0","Bip001/Bone001/Bone002/Bone003","Bip001/Bone001/Bone002/Bone003/Bone004","Bip001/Bip001 Pelvis/Bip001 Spine/Bip001 Spine1/Bip001 Neck/Bip001 Head/Bone011/Bone012","Bip001/Bip001 Pelvis/Bip001 Spine/Bip001 Spine1/Bip001 Neck/Bip001 Head/Bone026/Bone027","Bip001/Bip001 Pelvis/Bip001 Spine/Bip001 Spine1/Bip001 Neck/Bip001 Head/Bone017/Bone018/Bone019/Bone020/Bone021/Bone022/Bone023/Bone024","Bip001/Bip001 Pelvis/Bip001 Spine/Bip001 Spine1/Bip001 Neck/Bip001 Head/Bone017/Bone018/Bone019/Bone020/Bone021/Bone022/Bone023/Bone024/Bone025","Bip001/Bip001 Pelvis/Bip001 Spine/Bip001 Spine1/Bip001 Neck/Bip001 Head/Bone017/Bone018/Bone019/Bone020/Bone021/Bone022/Bone023","Bip001/Bip001 Pelvis/Bip001 Spine/Bip001 Spine1/Bip001 Neck/Bip001 Head/Bone017/Bone018/Bone019/Bone020/Bone021/Bone022","Bip001/Bip001 Pelvis/Bip001 Spine/Bip001 Spine1/Bip001 Neck/Bip001 Head/Bone017/Bone018/Bone019/Bone020/Bone021","Bip001/Bip001 Pelvis/Bip001 Spine/Bip001 Spine1/Bip001 Neck/Bip001 Head/Bone017/Bone018/Bone019/Bone020","Bip001/Bip001 Pelvis/Bip001 Spine/Bip001 Spine1/Bip001 Neck/Bip001 Head/Bone017/Bone018/Bone019","Bip001/Bip001 Pelvis/Bip001 Spine/Bip001 Spine1/Bip001 Neck/Bip001 Head/Bone017/Bone018","Bip001/Bip001 Pelvis/Bip001 Spine/Bip001 Spine1/Bip001 Neck/Bip001 Head/Bone026/Bone027/Bone028/Bone029/Bone030/Bone031/Bone032/Bone033","Bip001/Bip001 Pelvis/Bip001 Spine/Bip001 Spine1/Bip001 Neck/Bip001 Head/Bone026/Bone027/Bone028/Bone029/Bone030/Bone031/Bone032/Bone033/Bone034","Bip001/Bip001 Pelvis/Bip001 Spine/Bip001 Spine1/Bip001 Neck/Bip001 Head/Bone026/Bone027/Bone028/Bone029/Bone030/Bone031/Bone032","Bip001/Bip001 Pelvis/Bip001 Spine/Bip001 Spine1/Bip001 Neck/Bip001 Head/Bone026/Bone027/Bone028/Bone029/Bone030/Bone031","Bip001/Bip001 Pelvis/Bip001 Spine/Bip001 Spine1/Bip001 Neck/Bip001 Head/Bone026/Bone027/Bone028/Bone029/Bone030","Bip001/Bip001 Pelvis/Bip001 Spine/Bip001 Spine1/Bip001 Neck/Bip001 Head/Bone026/Bone027/Bone028/Bone029","Bip001/Bip001 Pelvis/Bip001 Spine/Bip001 Spine1/Bip001 Neck/Bip001 Head/Bone026/Bone027/Bone028"],[[[7,0.00000121008474707196,-0.000002406707153568277,1,0,-0.9498758912086487,-0.31262701749801636,3.9702871390545624e-7,0,0.31262701749801636,-0.9498759508132935,-0.0000026643785986379953,0,-0.5276891589164734,0.32123228907585144,4.462129652438307e-7,1],[7,-1.9057640088249173e-7,-0.0000011093304692622041,1,0,0.13142666220664978,-0.9913260340690613,-0.000001074660985977971,0,0.9913260340690613,0.13142666220664978,3.347188339830609e-7,0,-0.2707807421684265,-0.6521978378295898,-0.0000018986502254847437,1],[7,-1.56068566070644e-7,-1.1616867112707041e-7,-1,0,-0.9579420685768127,0.28696179389953613,1.1616867112707041e-7,0,0.28696179389953613,0.9579420685768127,-1.56068566070644e-7,0,-0.7304556965827942,-0.3918696939945221,0.18750779330730438,1],[7,-1.56068566070644e-7,-1.1616867112707041e-7,-1,0,-0.9579420685768127,0.28696179389953613,1.1616867112707041e-7,0,0.28696179389953613,0.9579420685768127,-1.56068566070644e-7,0,-0.7270578742027283,-0.38052693009376526,-0.17666609585285187,1],[7,0.9806356430053711,-0.1649683713912964,0.10554264485836029,0,0.17135021090507507,0.4617864191532135,-0.8702829480171204,0,0.09483100473880768,0.871515154838562,0.4811115860939026,0,-0.20547032356262207,-0.3140760362148285,-0.9823186993598938,1],[7,0.9806356430053711,-0.1649683713912964,0.10554264485836029,0,0.17135021090507507,0.4617864191532135,-0.8702829480171204,0,0.09483100473880768,0.871515154838562,0.4811115860939026,0,-0.031958404928445816,-0.3140760660171509,-0.9823187589645386,1],[7,0.0000012786906609107973,-0.000002910769126174273,1,0,-0.9965001940727234,0.08359060436487198,0.0000015175284033830394,0,-0.08359060436487198,-0.9965001940727234,-0.00000279369555755693,0,0.15077313780784607,0.43410468101501465,7.643604362783663e-7,1],[7,0.0000012659500043810112,-0.0000026272546165273525,1,0,-0.9904271364212036,-0.1380361020565033,8.911753184293048e-7,0,0.1380361020565033,-0.9904271364212036,-0.00000277685148830642,0,-0.1553734689950943,0.4101886451244354,6.969063974793244e-7,1],[7,0.3338143527507782,0.16848701238632202,0.9274590015411377,0,-0.0338580422103405,0.9854045510292053,-0.16682744026184082,0,-0.9420306086540222,0.024287443608045578,0.3346468508243561,0,0.275762677192688,0.3082655072212219,-0.41944554448127747,1],[7,-1.0669555905451489e-7,0.0000012747298114845762,1,0,-0.9979443550109863,0.06408664584159851,-1.8816938052168553e-7,0,-0.06408664584159851,-0.9979443550109863,0.0000012652716350203264,0,0.2889239490032196,0.42381706833839417,-5.109823746352049e-7,1],[7,0.298186331987381,-0.06523064523935318,-0.9522761702537537,0,-0.22633224725723267,-0.9740412831306458,-0.004149867221713066,0,-0.9272857308387756,0.21676820516586304,-0.30520957708358765,0,0.38846689462661743,0.1761966347694397,0.3913247287273407,1],[7,0.6492751836776733,0.7249994277954102,-0.2298208624124527,0,-0.3336781859397888,-2.475276801305881e-7,-0.9426870346069336,0,-0.6834475994110107,0.6887495517730713,0.24191632866859436,0,-0.04224151372909546,-0.44091713428497314,-0.808721661567688,1],[7,-0.00538150267675519,0.014065600000321865,0.9998865723609924,0,-0.9992528557777405,0.03819378465414047,-0.005915370769798756,0,-0.03827265650033951,-0.9991713166236877,0.013849550858139992,0,-0.7207003235816956,0.30412015318870544,-0.004786642733961344,1],[7,-1.629047545748108e-7,-4.143291576497177e-8,-1,0,-0.9999021887779236,0.013985177502036095,1.623093766056627e-7,0,0.013985177502036095,0.9999021887779236,-4.370711437218233e-8,0,-0.7331357598304749,-0.4557226002216339,1.0972774333595225e-7,1],[7,0.31586766242980957,0.8833412528038025,-0.3463175594806671,0,-0.8143261075019836,0.06507252901792526,-0.5767481327056885,0,-0.486929714679718,0.46419161558151245,0.7398820519447327,0,-0.06487268209457397,-0.37499669194221497,-0.41583186388015747,1],[7,0.25136393308639526,0.1731654405593872,-0.9522761702537537,0,0.5565993189811707,-0.8307706713676453,-0.00414980947971344,0,-0.7918416857719421,-0.5289931893348694,-0.30520957708358765,0,-0.02907649613916874,0.22680923342704773,0.3913247287273407,1],[7,3.6815308135373925e-8,0.000005910971594857983,-1,0,-0.011269748210906982,-0.9999365210533142,-0.0000059110107031301595,0,-0.9999365210533142,0.011269748210906982,2.9802187384575518e-8,0,0.06389382481575012,0.3152260184288025,0.3902229070663452,1],[7,0.0000012809709915018175,5.907837064000887e-8,-1,0,-0.9999365210533142,0.01126977801322937,-0.0000012802237279174733,0,0.01126977801322937,0.9999365210533142,7.351087560891756e-8,0,0.18193121254444122,-0.004254620522260666,0.3902214467525482,1],[7,1,0,0,0,0,1,0,0,0,0,1,0,-1.5570623679295181e-9,-0.2611690163612366,-0.0006979666650295258,1],[7,-1.5004462738943403e-7,-7.540526070215492e-8,-1,0,0.9209673404693604,0.3896397650241852,-1.6756709442233841e-7,0,0.3896397650241852,-0.9209673404693604,1.0982425635575055e-8,0,-0.5674499869346619,0.38287922739982605,7.57735136858173e-8,1],[7,1.3815170518682862e-7,-1.108084219936245e-7,-1,0,0.7929332852363586,0.6093087196350098,4.202853176593635e-8,0,0.6093087196350098,-0.7929332852363586,1.72040671486684e-7,0,-0.7843055129051208,0.19126342236995697,-1.2000823801372462e-7,1],[7,0.30351129174232483,0.21840502321720123,0.9274590611457825,0,-0.1868661493062973,0.9681165218353271,-0.16682738065719604,0,-0.9343243837356567,-0.12267667800188065,0.3346468210220337,0,0.02452707663178444,0.31593695282936096,-0.4194455146789551,1],[7,-0.019154444336891174,-0.9998143911361694,0.0020655393600463867,0,-0.9996225237846375,0.019191384315490723,0.019659586250782013,0,-0.019695578143000603,-0.0016881913179531693,-0.9998045563697815,0,-0.4012059271335602,0.38134878873825073,0.02159367874264717,1],[7,-0.019154444336891174,-0.9998157620429993,0.001269368571229279,0,-0.9996225237846375,0.01917572319507599,0.019674861803650856,0,-0.019695578143000603,-0.0008920284453779459,-0.9998056292533875,0,-0.5347768664360046,0.38133150339126587,0.021897345781326294,1],[7,-1.56068566070644e-7,-1.1616867112707041e-7,-1,0,-0.9579420685768127,0.28696179389953613,1.1616867112707041e-7,0,0.28696179389953613,0.9579420685768127,-1.56068566070644e-7,0,-0.9060162305831909,-0.38052693009376526,-0.17666608095169067,1],[7,-0.9842185974121094,-0.16280071437358856,-0.0693521499633789,0,0.13696512579917908,-0.45269131660461426,-0.881085216999054,0,0.11204618215560913,-0.8766793012619019,0.46784520149230957,0,-0.05783785879611969,0.32457640767097473,-0.9598044753074646,1],[7,-0.9842185974121094,-0.16280071437358856,-0.0693521499633789,0,0.13696512579917908,-0.45269131660461426,-0.881085216999054,0,0.11204618215560913,-0.8766793012619019,0.46784520149230957,0,-0.23134978115558624,0.3245764374732971,-0.9598044753074646,1],[7,-0.33381423354148865,-0.16848964989185333,0.9274584650993347,0,-0.03385892137885094,0.9854041337966919,0.166829913854599,0,-0.942030668258667,0.024287452921271324,-0.3346467912197113,0,0.27576300501823425,0.30826565623283386,0.4194447100162506,1],[7,-0.29818567633628845,0.06523346900939941,-0.9522761702537537,0,-0.22633308172225952,-0.9740411639213562,0.004147105850279331,0,-0.9272857308387756,0.21676819026470184,0.30520957708358765,0,0.38846713304519653,0.17619667947292328,-0.3913240134716034,1],[7,-0.5996618866920471,0.7958288192749023,0.08403666317462921,0,-0.13878393173217773,-2.2678985800439477e-8,-0.9903226494789124,0,-0.7881273031234741,-0.6055217385292053,0.11044825613498688,0,0.17247770726680756,0.4154141843318939,-0.8309056162834167,1],[7,-0.31586557626724243,-0.883341372013092,-0.3463190495967865,0,-0.8143268823623657,0.0650702565908432,0.5767472982406616,0,-0.48692968487739563,0.46419158577919006,-0.7398821115493774,0,-0.06487239897251129,-0.3749958574771881,0.4158322215080261,1],[7,-0.25136545300483704,-0.1731632649898529,-0.9522761702537537,0,0.5565986633300781,-0.8307711482048035,0.004147308878600597,0,-0.7918417453765869,-0.5289931297302246,0.30520960688591003,0,-0.029076306149363518,0.2268093228340149,-0.39132407307624817,1],[7,3.6815308135373925e-8,0.000005910971594857983,-1,0,-0.011269748210906982,-0.9999365210533142,-0.0000059110107031301595,0,-0.9999365210533142,0.011269748210906982,2.9802187384575518e-8,0,0.06389383971691132,0.315229594707489,-0.3902193009853363,1],[7,0.0000012809709915018175,-2.8344407709823827e-8,-1,0,-0.9999365210533142,0.01126977801322937,-0.0000012812090517400065,0,0.01126977801322937,0.9999365210533142,-1.3906348961256754e-8,0,0.18193115293979645,-0.004254596307873726,-0.3902207612991333,1],[7,-0.30351078510284424,-0.21840770542621613,0.9274584650993347,0,-0.18686695396900177,0.9681159853935242,0.1668299287557602,0,-0.9343244433403015,-0.12267665565013885,-0.3346467614173889,0,0.02452738769352436,0.3159371018409729,0.4194447100162506,1],[7,0.019156992435455322,0.9998143315315247,0.0020656492561101913,0,-0.9996224641799927,0.01919393241405487,-0.019659588113427162,0,-0.0196955855935812,-0.001688250806182623,0.9998045563697815,0,-0.40120595693588257,0.3813478648662567,-0.021593689918518066,1],[7,0.019156992435455322,0.9998156428337097,0.0012694784672930837,0,-0.9996224641799927,0.019178271293640137,-0.019674865528941154,0,-0.0196955855935812,-0.0008920879336073995,0.9998056292533875,0,-0.5347769260406494,0.38133054971694946,-0.02189735881984234,1],[7,1.6589802953603794e-7,-6.198565216664065e-8,-1,0,0.5623098015785217,0.8269264101982117,4.202853176593635e-8,0,0.8269264101982117,-0.5623098015785217,1.72040671486684e-7,0,-0.9491164684295654,-0.11148816347122192,-1.2000826643543405e-7,1],[7,1.6589802953603794e-7,-6.198565216664065e-8,-1,0,0.5623098015785217,0.8269264101982117,4.202853176593635e-8,0,0.8269264101982117,-0.5623098015785217,1.72040671486684e-7,0,-1.1025406122207642,-0.11148817837238312,-1.4168996642638376e-7,1],[7,-1.56068566070644e-7,-1.1616867112707041e-7,-1,0,-0.9579420685768127,0.28696179389953613,1.1616867112707041e-7,0,0.28696179389953613,0.9579420685768127,-1.56068566070644e-7,0,-0.9094140529632568,-0.3918697237968445,0.18750782310962677,1],[7,-0.8694278001785278,0.4868602156639099,0.08403707295656204,0,-0.12702716886997223,-0.05590342357754707,-0.9903225898742676,0,-0.47745072841644287,-0.871688961982727,0.11044848710298538,0,-0.09029490500688553,0.4141256809234619,-0.8309056162834167,1],[7,0.6209304928779602,-0.6736570000648499,0.40078920125961304,0,0.5285274982452393,-0.017788035795092583,-0.8487299680709839,0,0.578882098197937,0.7388303875923157,0.3450010120868683,0,-0.43712756037712097,-0.08217376470565796,-1.0072400569915771,1],[7,0.6209304332733154,-0.6736570596694946,0.40078920125961304,0,0.5285274386405945,-0.017788169905543327,-0.8487299680709839,0,0.5788821578025818,0.7388303279876709,0.34500086307525635,0,-0.6202414035797119,-0.08217383921146393,-1.0072399377822876,1],[7,0.1548096090555191,-0.9029960632324219,0.4007892608642578,0,0.43389174342155457,-0.3023170530796051,-0.8487299084663391,0,0.8875651359558105,0.30529066920280457,0.3450010120868683,0,-0.2791171967983246,0.16872546076774597,-1.0072400569915771,1],[7,0.06118923798203468,-0.9141247272491455,0.4007892906665802,0,0.40052539110183716,-0.3453073501586914,-0.8487299084663391,0,0.9142404198646545,0.21245938539505005,0.3450010120868683,0,-0.14409594237804413,0.19651687145233154,-1.0072400569915771,1],[7,0.7196505665779114,-0.566984236240387,0.40078920125961304,0,0.5246896147727966,0.06601837277412415,-0.8487299680709839,0,0.45475706458091736,0.8210787773132324,0.3450009226799011,0,-0.13266445696353912,0.0246767345815897,-1.0072400569915771,1],[7,0.9495124220848083,-0.23849740624427795,0.2038256824016571,0,0.24686600267887115,0.16705551743507385,-0.9545416235923767,0,0.19360549747943878,0.9566667079925537,0.21749825775623322,0,-0.22940096259117126,-0.11693107336759567,-0.9400142431259155,1],[7,0.9970723390579224,0.04220801964402199,0.06376098096370697,0,0.05464642867445946,0.18993623554706573,-0.980274498462677,0,-0.05348596349358559,0.9808889031410217,0.18707361817359924,0,-0.2243955135345459,-0.2139785885810852,-0.8967300057411194,1],[7,0.8272222876548767,0.5409424304962158,-0.1519346982240677,0,-0.23221267759799957,0.0829068273305893,-0.9691252708435059,0,-0.5116445422172546,0.8369631171226501,0.1941961646080017,0,-0.15918368101119995,-0.3943805694580078,-0.8275833129882812,1],[7,-0.6904721260070801,-0.5955719947814941,-0.410538911819458,0,0.5283089876174927,-0.027531549334526062,-0.8486056923866272,0,0.49410298466682434,-0.8028299808502197,0.33365583419799805,0,-0.4669172763824463,0.15864522755146027,-1.0103249549865723,1],[7,-0.6904721856117249,-0.5955720543861389,-0.410538911819458,0,0.5283090472221375,-0.027531571686267853,-0.8486056923866272,0,0.49410301446914673,-0.8028301000595093,0.33365583419799805,0,-0.6287855505943298,0.15864534676074982,-1.0103249549865723,1],[7,-0.31658557057380676,-0.8551208972930908,-0.41053900122642517,0,0.47580277919769287,0.23125799000263214,-0.8486056327819824,0,0.8206007480621338,-0.4639919400215149,0.33365583419799805,0,-0.3720044195652008,-0.08680371940135956,-1.0103249549865723,1],[7,0.09835265576839447,-0.9065233469009399,-0.41053879261016846,0,0.3225685656070709,0.4193063974380493,-0.8486056923866272,0,0.9414223432540894,-0.04896429181098938,0.3336558938026428,0,-0.1931692659854889,-0.24371114373207092,-1.0103248357772827,1],[7,-0.4473671615123749,-0.7917165756225586,-0.41599008440971375,0,0.48992395401000977,0.17218972742557526,-0.854590654373169,0,0.7482227683067322,-0.5861194133758545,0.31084880232810974,0,-0.1700325608253479,-0.07177865505218506,-1.0062698125839233,1],[7,-0.8676578402519226,-0.3387850821018219,-0.3638613224029541,0,0.41707152128219604,-0.0976603776216507,-0.9036116003990173,0,0.2705953121185303,-0.9357818365097046,0.2260332703590393,0,-0.1340276598930359,0.1109151765704155,-0.9812349081039429,1],[7,-0.9977281093597412,-0.055263735353946686,-0.03853089362382889,0,0.044708721339702606,-0.1153019517660141,-0.9923238158226013,0,0.050396837294101715,-0.9917920231819153,0.11751075834035873,0,-0.28929778933525085,0.24026137590408325,-0.8729413151741028,1]],8,8,8,8,8,8,8,8,8,8,8,8,8,8,8,8,8,8,8,8,8,8,8,8,8,8,8,8,8,8,8,8,8,8,8,8,8,8,8,8,8,8,8,8,8,8,8,8,8,8,8,8,8,8,8,8]]],0,0,[],[],[]]
