[1,0,0,[["cc.Skeleton",["_name","_hash","_joints","_bindposes"],0,12]],[[0,0,1,2,3,4]],[[0,"Skin-4",447864749,["Bip001/Bip001 Pelvis/Bip001 Spine/Bip001 R Thigh","Bip001/Bip001 Pelvis/Bip001 Spine","Bip001/Bip001 Pelvis","Bip001/Bip001 Pelvis/Bip001 Spine/Bip001 L Thigh","Bip001/Bip001 Pelvis/Bip001 Spine/Bip001 Spine1/Bip001 Neck/Bip001 R Clavicle/Bip001 R UpperArm/Bip001 R Forearm/Bip001 R Hand","Bip001/Bip001 Pelvis/Bip001 Spine/Bip001 Spine1/Bip001 Neck/Bip001 R Clavicle/Bip001 R UpperArm/Bip001 R Forearm","Bip001/Bip001 Pelvis/Bip001 Spine/Bip001 Spine1/Bip001 Neck/Bip001 R Clavicle/Bip001 R UpperArm","Bip001/Bip001 Pelvis/Bip001 Spine/Bip001 Spine1/Bip001 Neck/Bip001 R Clavicle/Bip001 R UpperArm/Bip001 R Forearm/Bip001 R Hand/Bip001 R Finger3","Bip001/Bip001 Pelvis/Bip001 Spine/Bip001 Spine1/Bip001 Neck/Bip001 R Clavicle/Bip001 R UpperArm/Bip001 R Forearm/Bip001 R Hand/Bip001 R Finger3/Bip001 R Finger31","Bip001/Bip001 Pelvis/Bip001 Spine/Bip001 Spine1/Bip001 Neck/Bip001 R Clavicle/Bip001 R UpperArm/Bip001 R Forearm/Bip001 R Hand/Bip001 R Finger2","Bip001/Bip001 Pelvis/Bip001 Spine/Bip001 Spine1/Bip001 Neck/Bip001 R Clavicle/Bip001 R UpperArm/Bip001 R Forearm/Bip001 R Hand/Bip001 R Finger3/Bip001 R Finger31/Bip001 R Finger32","Bip001/Bip001 Pelvis/Bip001 Spine/Bip001 Spine1/Bip001 Neck/Bip001 R Clavicle/Bip001 R UpperArm/Bip001 R Forearm/Bip001 R Hand/Bip001 R Finger2/Bip001 R Finger21/Bip001 R Finger22","Bip001/Bip001 Pelvis/Bip001 Spine/Bip001 Spine1/Bip001 Neck/Bip001 R Clavicle/Bip001 R UpperArm/Bip001 R Forearm/Bip001 R Hand/Bip001 R Finger2/Bip001 R Finger21","Bip001/Bip001 Pelvis/Bip001 Spine/Bip001 Spine1/Bip001 Neck/Bip001 R Clavicle/Bip001 R UpperArm/Bip001 R Forearm/Bip001 R Hand/Bip001 R Finger1","Bip001/Bip001 Pelvis/Bip001 Spine/Bip001 Spine1/Bip001 Neck/Bip001 R Clavicle/Bip001 R UpperArm/Bip001 R Forearm/Bip001 R Hand/Bip001 R Finger0","Bip001/Bip001 Pelvis/Bip001 Spine/Bip001 Spine1/Bip001 Neck/Bip001 R Clavicle/Bip001 R UpperArm/Bip001 R Forearm/Bip001 R Hand/Bip001 R Finger1/Bip001 R Finger11","Bip001/Bip001 Pelvis/Bip001 Spine/Bip001 Spine1/Bip001 Neck/Bip001 R Clavicle/Bip001 R UpperArm/Bip001 R Forearm/Bip001 R Hand/Bip001 R Finger0/Bip001 R Finger01","Bip001/Bip001 Pelvis/Bip001 Spine/Bip001 Spine1/Bip001 Neck/Bip001 R Clavicle/Bip001 R UpperArm/Bip001 R Forearm/Bip001 R Hand/Bip001 R Finger0/Bip001 R Finger01/Bip001 R Finger02","Bip001/Bip001 Pelvis/Bip001 Spine/Bip001 Spine1/Bip001 Neck/Bip001 R Clavicle/Bip001 R UpperArm/Bip001 R Forearm/Bip001 R Hand/Bip001 R Finger1/Bip001 R Finger11/Bip001 R Finger12","Bip001/Bip001 Pelvis/Bip001 Spine/Bip001 Spine1/Bip001 Neck/Bip001 L Clavicle/Bip001 L UpperArm/Bip001 L Forearm/Bip001 L Hand","Bip001/Bip001 Pelvis/Bip001 Spine/Bip001 Spine1/Bip001 Neck/Bip001 L Clavicle/Bip001 L UpperArm/Bip001 L Forearm","Bip001/Bip001 Pelvis/Bip001 Spine/Bip001 Spine1/Bip001 Neck/Bip001 L Clavicle/Bip001 L UpperArm","Bip001/Bip001 Pelvis/Bip001 Spine/Bip001 Spine1/Bip001 Neck/Bip001 L Clavicle/Bip001 L UpperArm/Bip001 L Forearm/Bip001 L Hand/Bip001 L Finger3","Bip001/Bip001 Pelvis/Bip001 Spine/Bip001 Spine1/Bip001 Neck/Bip001 L Clavicle/Bip001 L UpperArm/Bip001 L Forearm/Bip001 L Hand/Bip001 L Finger3/Bip001 L Finger31","Bip001/Bip001 Pelvis/Bip001 Spine/Bip001 Spine1/Bip001 Neck/Bip001 L Clavicle/Bip001 L UpperArm/Bip001 L Forearm/Bip001 L Hand/Bip001 L Finger2","Bip001/Bip001 Pelvis/Bip001 Spine/Bip001 Spine1/Bip001 Neck/Bip001 L Clavicle/Bip001 L UpperArm/Bip001 L Forearm/Bip001 L Hand/Bip001 L Finger3/Bip001 L Finger31/Bip001 L Finger32","Bip001/Bip001 Pelvis/Bip001 Spine/Bip001 Spine1/Bip001 Neck/Bip001 L Clavicle/Bip001 L UpperArm/Bip001 L Forearm/Bip001 L Hand/Bip001 L Finger2/Bip001 L Finger21/Bip001 L Finger22","Bip001/Bip001 Pelvis/Bip001 Spine/Bip001 Spine1/Bip001 Neck/Bip001 L Clavicle/Bip001 L UpperArm/Bip001 L Forearm/Bip001 L Hand/Bip001 L Finger2/Bip001 L Finger21","Bip001/Bip001 Pelvis/Bip001 Spine/Bip001 Spine1/Bip001 Neck/Bip001 L Clavicle/Bip001 L UpperArm/Bip001 L Forearm/Bip001 L Hand/Bip001 L Finger1","Bip001/Bip001 Pelvis/Bip001 Spine/Bip001 Spine1/Bip001 Neck/Bip001 L Clavicle/Bip001 L UpperArm/Bip001 L Forearm/Bip001 L Hand/Bip001 L Finger0","Bip001/Bip001 Pelvis/Bip001 Spine/Bip001 Spine1/Bip001 Neck/Bip001 L Clavicle/Bip001 L UpperArm/Bip001 L Forearm/Bip001 L Hand/Bip001 L Finger1/Bip001 L Finger11","Bip001/Bip001 Pelvis/Bip001 Spine/Bip001 Spine1/Bip001 Neck/Bip001 L Clavicle/Bip001 L UpperArm/Bip001 L Forearm/Bip001 L Hand/Bip001 L Finger0/Bip001 L Finger01","Bip001/Bip001 Pelvis/Bip001 Spine/Bip001 Spine1/Bip001 Neck/Bip001 L Clavicle/Bip001 L UpperArm/Bip001 L Forearm/Bip001 L Hand/Bip001 L Finger0/Bip001 L Finger01/Bip001 L Finger02","Bip001/Bip001 Pelvis/Bip001 Spine/Bip001 Spine1/Bip001 Neck/Bip001 L Clavicle/Bip001 L UpperArm/Bip001 L Forearm/Bip001 L Hand/Bip001 L Finger1/Bip001 L Finger11/Bip001 L Finger12","Bip001/Bip001 Pelvis/Bip001 Spine/Bip001 L Thigh/Bip001 L Calf","Bip001/Bip001 Pelvis/Bip001 Spine/Bip001 L Thigh/Bip001 L Calf/Bip001 L Foot","Bip001/Bip001 Pelvis/Bip001 Spine/Bip001 L Thigh/Bip001 L Calf/Bip001 L Foot/Bip001 L Toe0","Bip001/Bip001 Pelvis/Bip001 Spine/Bip001 R Thigh/Bip001 R Calf","Bip001/Bip001 Pelvis/Bip001 Spine/Bip001 R Thigh/Bip001 R Calf/Bip001 R Foot","Bip001/Bip001 Pelvis/Bip001 Spine/Bip001 R Thigh/Bip001 R Calf/Bip001 R Foot/Bip001 R Toe0","Bip001/Bip001 Pelvis/Bip001 Spine/Bip001 Spine1/Bip001 Neck/Bip001 R Clavicle","Bip001/Bip001 Pelvis/Bip001 Spine/Bip001 Spine1","Bip001/Bip001 Pelvis/Bip001 Spine/Bip001 Spine1/Bip001 Neck/Bip001 L Clavicle","Bip001/Bip001 Pelvis/Bip001 Spine/Bip001 Spine1/Bip001 Neck"],[[[7,-0.09136135131120682,0.01644754968583584,-0.9956820607185364,0,0.041336022317409515,-0.9989392161369324,-0.020294249057769775,0,-0.9949594736099243,-0.04301164299249649,0.09058456122875214,0,0.5797671675682068,0.027008961886167526,-0.14857570827007294,1],[7,1.3763876705041866e-9,-0.0000010450661420691176,1,0,-0.000796317879576236,-0.9999997019767761,-0.0000010450646641402273,0,0.9999996423721313,-0.0007963179377838969,-2.2085921980163903e-9,0,-0.6520135402679443,0.0006207284168340266,1.7216511549733582e-9,1],[7,0.0000013868000223737909,0.00000311533517560747,1,0,6.123234262925839e-17,-1,0.00000311533517560747,0,1,-4.320285448833339e-12,-0.0000013868001360606286,0,-0.5914652347564697,2.5859642118625237e-12,8.202440540117095e-7,1],[7,0.09136103838682175,-0.01644422858953476,-0.9956821203231812,0,0.041336335241794586,-0.9989392757415771,0.020290929824113846,0,-0.9949595332145691,-0.04301165044307709,-0.09058438241481781,0,0.5797672271728516,0.02700897864997387,0.14857560396194458,1],[7,-0.652716875076294,0.7335246205329895,0.18947939574718475,0,-0.2622013986110687,0.015925809741020203,-0.9648816585540771,0,-0.7107821702957153,-0.6794763207435608,0.1819361001253128,0,0.21036994457244873,0.7608765959739685,-0.0941830724477768,1],[7,-0.652716875076294,-0.18889524042606354,0.7336752414703369,0,-0.2622013986110687,0.9648940563201904,0.015157476998865604,0,-0.7107821702957153,-0.18247711658477783,-0.6793312430381775,0,0.3646632730960846,0.09478891640901566,0.7608013153076172,1],[7,-0.6794353127479553,0.009393456391990185,0.7336753010749817,0,0.030185053125023842,0.9994294047355652,0.015157511457800865,0,-0.7331143021583557,0.03244457393884659,-0.6793311238288879,0,0.5825480222702026,-0.01552632637321949,0.7608013153076172,1],[7,-0.43139657378196716,0.8821653127670288,0.18889516592025757,0,-0.24846872687339783,0.08510344475507736,-0.9648941159248352,0,-0.8672718405723572,-0.4631865322589874,0.18247713148593903,0,0.31348901987075806,0.6918995976448059,-0.04909594729542732,1],[7,-0.21573011577129364,0.9580078125,0.18889521062374115,0,-0.22205767035484314,0.14024870097637177,-0.9648941159248352,0,-0.950868546962738,-0.25010234117507935,0.18247711658477783,0,0.4393600523471832,0.6067522764205933,-0.04909592494368553,1],[7,-0.4126555919647217,0.8910859227180481,0.18889515101909637,0,-0.24661454558372498,0.09033582359552383,-0.9648941159248352,0,-0.8768675923347473,-0.4447532296180725,0.18247713148593903,0,0.32483190298080444,0.6914579272270203,-0.08485550433397293,1],[7,0.011628418229520321,0.9819283485412598,0.18889550864696503,0,-0.18361154198646545,0.18779301643371582,-0.9648940563201904,0,-0.982930064201355,-0.023463208228349686,0.18247711658477783,0,0.5421320199966431,0.49480825662612915,-0.0490957647562027,1],[7,0.032378945499658585,0.9814632534980774,0.18889544904232025,0,-0.1796015202999115,0.19163164496421814,-0.9648940563201904,0,-0.9832065105438232,-0.0026836602482944727,0.18247710168361664,0,0.54441237449646,0.4923803508281708,-0.0848553329706192,1],[7,-0.1954343616962433,0.9623534083366394,0.18889518082141876,0,-0.21904388070106506,0.1449105441570282,-0.9648941159248352,0,-0.9559420347213745,-0.22994981706142426,0.18247711658477783,0,0.445170134305954,0.6049174070358276,-0.08485546708106995,1],[7,-0.36219725012779236,0.9127604961395264,0.18889518082141876,0,-0.24117903411388397,0.10398071259260178,-0.9648940563201904,0,-0.9003587961196899,-0.39503952860832214,0.18247714638710022,0,0.36766016483306885,0.664829671382904,-0.12066807597875595,1],[7,0.01107463426887989,-0.009309056214988232,0.9998953342437744,0,-0.6375020146369934,0.7703172564506531,0.014232516288757324,0,-0.7703691720962524,-0.6375929117202759,0.0025964390952140093,0,0.437437504529953,0.48556801676750183,0.39459672570228577,1],[7,-0.1413317769765854,0.9717735648155212,0.18889525532722473,0,-0.21060068905353546,0.1569288969039917,-0.9648940563201904,0,-0.9673017859458923,-0.17615166306495667,0.18247713148593903,0,0.47841906547546387,0.5696454644203186,-0.12066803127527237,1],[7,0.008622056804597378,-0.011617474257946014,0.9998953342437744,0,-0.4421120882034302,0.8968468308448792,0.014232502318918705,0,-0.8969184160232544,-0.44218847155570984,0.0025964390952140093,0,0.5067462921142578,0.37865835428237915,0.39459672570228577,1],[7,0.005702184047549963,-0.013296224176883698,0.9998953342437744,0,-0.22276057302951813,0.9747691750526428,0.014232464134693146,0,-0.9748564958572388,-0.22281838953495026,0.0025964388623833656,0,0.5563940405845642,0.256971538066864,0.39459672570228577,1],[7,0.08719360083341599,0.9781184196472168,0.18889550864696503,0,-0.1686081886291504,0.20137202739715576,-0.9648939967155457,0,-0.9818189740180969,0.052283257246017456,0.18247714638710022,0,0.5752665996551514,0.44879305362701416,-0.12066791206598282,1],[7,0.6527177691459656,-0.7335246801376343,0.18947617709636688,0,-0.26219916343688965,0.015923431143164635,0.9648823738098145,0,-0.7107822299003601,-0.6794763207435608,-0.18193602561950684,0,0.2103699892759323,0.7608765959739685,0.09418296068906784,1],[7,0.6527177691459656,0.18889203667640686,0.7336753606796265,0,-0.26219916343688965,0.9648947715759277,-0.015155107714235783,0,-0.7107822299003601,-0.18247702717781067,0.6793312430381775,0,0.364663302898407,0.0947887971997261,-0.760801374912262,1],[7,0.6794351935386658,-0.009396791458129883,0.7336754202842712,0,0.03018740564584732,0.9994292855262756,-0.015155143104493618,0,-0.7331143617630005,0.03244468942284584,0.6793311834335327,0,0.5825480222702026,-0.015526454895734787,-0.760801374912262,1],[7,0.43139737844467163,-0.8821656107902527,0.18889200687408447,0,-0.24846720695495605,0.08510061353445053,0.9648947715759277,0,-0.867271900177002,-0.46318650245666504,-0.18247702717781067,0,0.31348907947540283,0.6918996572494507,0.04909580200910568,1],[7,0.21573083102703094,-0.958008348941803,0.18889209628105164,0,-0.22205685079097748,0.14024563133716583,0.9648947715759277,0,-0.9508686065673828,-0.25010231137275696,-0.18247701227664948,0,0.4393600821495056,0.606752336025238,0.0490957535803318,1],[7,0.41265639662742615,-0.8910862803459167,0.1888919621706009,0,-0.24661308526992798,0.09033294022083282,0.9648947715759277,0,-0.8768676519393921,-0.4447532296180725,-0.18247702717781067,0,0.3248319923877716,0.691457986831665,0.08485537767410278,1],[7,-0.01162785291671753,-0.9819288849830627,0.1888926476240158,0,-0.18361148238182068,0.18779009580612183,0.9648946523666382,0,-0.9829301238059998,-0.023463208228349686,-0.18247701227664948,0,0.5421320796012878,0.49480828642845154,0.04909546673297882,1],[7,-0.03237831965088844,-0.9814639687538147,0.18889223039150238,0,-0.1796015202999115,0.1916283816099167,0.9648947715759277,0,-0.9832065105438232,-0.0026836604811251163,-0.18247699737548828,0,0.5444124341011047,0.49238041043281555,0.08485521376132965,1],[7,0.19543510675430298,-0.9623540043830872,0.1888919472694397,0,-0.21904310584068298,0.1449073702096939,0.9648948311805725,0,-0.9559420943260193,-0.22994981706142426,-0.1824769824743271,0,0.44517016410827637,0.6049174666404724,0.08485535532236099,1],[7,0.3621980547904968,-0.912760853767395,0.18889197707176208,0,-0.2411777228116989,0.10397772490978241,0.9648947715759277,0,-0.9003588557243347,-0.39503952860832214,-0.18247704207897186,0,0.3676602244377136,0.664829671382904,0.1206679567694664,1],[7,-0.011072549037635326,0.009306586347520351,0.999895453453064,0,-0.6375020146369934,0.7703173756599426,-0.014229284599423409,0,-0.770369291305542,-0.6375927925109863,-0.0025964092928916216,0,0.43743765354156494,0.4855678677558899,-0.39459678530693054,1],[7,0.1413324624300003,-0.9717741012573242,0.18889209628105164,0,-0.2106001079082489,0.1569257378578186,0.9648947715759277,0,-0.9673018455505371,-0.17615164816379547,-0.18247701227664948,0,0.47841912508010864,0.5696455240249634,0.12066787481307983,1],[7,-0.00862062070518732,0.011614633724093437,0.999895453453064,0,-0.4421119689941406,0.8968470096588135,-0.014229318127036095,0,-0.8969184756278992,-0.4421883523464203,-0.0025964088272303343,0,0.5067464113235474,0.3786581754684448,-0.39459678530693054,1],[7,-0.005701473914086819,0.01329326443374157,0.999895453453064,0,-0.22276043891906738,0.9747692942619324,-0.014229420572519302,0,-0.9748566150665283,-0.22281824052333832,-0.002596408361569047,0,0.5563941597938538,0.2569712698459625,-0.39459681510925293,1],[7,-0.08719304203987122,-0.9781190752983093,0.1888924092054367,0,-0.1686083823442459,0.20136888325214386,0.964894711971283,0,-0.9818190336227417,0.052283257246017456,-0.18247704207897186,0,0.5752666592597961,0.44879305362701416,0.12066774070262909,1],[7,0.09278402477502823,-0.0028937654569745064,-0.9956821203231812,0,0.18711385130882263,-0.9821286797523499,0.020290842279791832,0,-0.9779465794563293,-0.1881885826587677,-0.09058438986539841,0,0.26954975724220276,0.06718884408473969,0.14857560396194458,1],[7,1.6292068494294654e-7,0.0000017285350395468413,-1,0,-6.123234262925839e-17,-1.0000001192092896,-0.0000017285349258600036,0,-1,2.816753449409737e-13,-1.6292068494294654e-7,0,0.06091241538524628,0.05631287395954132,0.1448259949684143,1],[7,0.00000173619844190398,-4.37113598650285e-8,-1,0,-1.0000001192092896,-7.583035355239812e-14,-0.0000017361983282171423,0,6.123234924670329e-17,1,-4.37113598650285e-8,0,-0.03582480177283287,-0.005367308855056763,0.1448259800672531,1],[7,-0.09278484433889389,0.0028971126303076744,-0.9956820607185364,0,0.18711352348327637,-0.9821286797523499,-0.020294269546866417,0,-0.9779465794563293,-0.1881885677576065,0.09058456867933273,0,0.26954972743988037,0.06718883663415909,-0.14857570827007294,1],[7,1.6292068494294654e-7,0.0000017285350395468413,-1,0,-6.123234262925839e-17,-1.0000001192092896,-0.0000017285349258600036,0,-1,2.816753449409737e-13,-1.6292068494294654e-7,0,0.06091246008872986,0.05631287395954132,-0.14482605457305908,1],[7,0.0000017361816162519972,4.3704879715278366e-8,-1,0,-1.0000001192092896,7.594083375377439e-14,-0.0000017361815025651595,0,6.123234924670329e-17,1,4.3704879715278366e-8,0,-0.03582479804754257,-0.005367308855056763,-0.14482606947422028,1],[7,-0.9877861738204956,-0.0000017217240610989393,0.15581563115119934,0,-0.0000017006119605866843,1,2.687988853722345e-7,0,-0.15581564605236053,5.338807174126714e-10,-0.9877861142158508,0,0.0945574939250946,0.013598349876701832,0.9581573009490967,1],[7,1.3763876705041866e-9,-0.0000010450661420691176,1,0,-0.000796317879576236,-0.9999997019767761,-0.0000010450646641402273,0,0.9999996423721313,-0.0007963179377838969,-2.2085921980163903e-9,0,-0.7795392870903015,0.0007974205655045807,2.2117245812580677e-9,1],[7,0.9877861738204956,-0.0000017353457906210679,0.15581563115119934,0,0.0000017142336901088129,1,2.698666321521159e-7,0,-0.15581564605236053,5.338804398569152e-10,0.9877861142158508,0,0.0945574939250946,0.013598348945379257,-0.9581573009490967,1],[7,1.3763876705041866e-9,-0.0000010450661420691176,1,0,-0.000796317879576236,-0.9999997019767761,-0.0000010450646641402273,0,0.9999996423721313,-0.0007963179377838969,-2.2085921980163903e-9,0,-1.001437783241272,0.04388516768813133,2.458805381522211e-9,1]],8,8,8,8,8,8,8,8,8,8,8,8,8,8,8,8,8,8,8,8,8,8,8,8,8,8,8,8,8,8,8,8,8,8,8,8,8,8,8,8,8,8,8,8]]],0,0,[],[],[]]
