[1,0,0,[["cc.Skeleton",["_name","_hash","_joints","_bindposes"],0,12]],[[0,0,1,2,3,4]],[[0,"Skin-3",2375583495,["Bip001/Bip001 Pelvis/Bip001 Spine/Bip001 Spine1/Bip001 Neck/Bip001 Head","Bip001/Bip001 Pelvis/Bip001 Spine/Bip001 Spine1/Bip001 Neck/Bip001 Head/Bone064","Bip001/Bip001 Pelvis/Bip001 Spine/Bip001 Spine1/Bip001 Neck/Bip001 Head/Bone064/Bone065","Bip001/Bip001 Pelvis/Bip001 Spine/Bip001 Spine1/Bip001 Neck/Bip001 Head/Bone069","Bip001/Bip001 Pelvis/Bip001 Spine/Bip001 Spine1/Bip001 Neck/Bip001 Head/Bone056","Bip001/Bip001 Pelvis/Bip001 Spine/Bip001 Spine1/Bip001 Neck/Bip001 Head/Bone056/Bone057","Bip001/Bip001 Pelvis/Bip001 Spine/Bip001 Spine1/Bip001 Neck/Bip001 Head/Bone064/Bone065/Bone066","Bip001/Bip001 Pelvis/Bip001 Spine/Bip001 Spine1/Bip001 Neck/Bip001 Head/Bone064/Bone065/Bone066/Bone068","Bip001/Bip001 Pelvis/Bip001 Spine/Bip001 Spine1","Bip001/Bip001 Pelvis/Bip001 Spine/Bip001 Spine1/Bip001 Neck/Bip001 Head/Bone056/Bone057/Bone058","Bip001/Bip001 Pelvis/Bip001 Spine/Bip001 Spine1/Bip001 Neck/Bip001 Head/Bone069/Bone070","Bip001/Bip001 Pelvis/Bip001 Spine/Bip001 Spine1/Bip001 Neck/Bip001 Head/Bone060","Bip001/Bip001 Pelvis/Bip001 Spine/Bip001 Spine1/Bip001 Neck/Bip001 Head/Bone060/Bone061","Bip001/Bip001 Pelvis/Bip001 Spine/Bip001 Spine1/Bip001 Neck/Bip001 Head/Bone060/Bone061/Bone062","Bip001/Bip001 Pelvis/Bip001 Spine/Bip001 Spine1/Bip001 Neck","Bip001/Bip001 Pelvis/Bip001 Spine/Bip001 Spine1/Bip001 Neck/Bip001 Head/Bone056/Bone057/Bone058/Bone059","Bip001/Bip001 Pelvis/Bip001 Spine/Bip001 Spine1/Bip001 Neck/Bip001 Head/Bone069/Bone070/Bone071"],[[[7,9.469262352013175e-8,-0.000001047661271513789,1,0,-0.054779842495918274,-0.9984985589981079,-0.0000010409009973955108,0,0.9984984993934631,-0.054779842495918274,-1.5194116542716074e-7,0,-1.1092911958694458,0.10392146557569504,1.6897978127872193e-7,1],[7,0.015061919577419758,0.13632157444953918,-0.9905502200126648,0,0.25795668363571167,-0.9576570987701416,-0.12787237763404846,0,-0.96603924036026,-0.25359299778938293,-0.049589212983846664,0,1.5098787546157837,0.7625498175621033,0.1447174847126007,1],[7,-0.032969240099191666,0.13824449479579926,-0.989849328994751,0,-0.0356072336435318,-0.9899217486381531,-0.13706855475902557,0,-0.9988223314285278,0.03072674386203289,0.037559445947408676,0,1.472527027130127,0.36103612184524536,0.02135857194662094,1],[7,-5.960464477539063e-8,-6.653536388512293e-8,-1.0000001192092896,0,-0.6672486066818237,-0.7448350191116333,8.932899930869098e-8,0,-0.7448350787162781,0.667248547077179,1.1181339483930422e-17,0,1.110474944114685,-1.4400023221969604,-9.364825359625684e-8,1],[7,0.2772752046585083,0.7800899147987366,-0.5608729720115662,0,1.3411036547950062e-7,-0.5837620496749878,-0.811924934387207,0,-0.96079021692276,0.22512668371200562,-0.16186289489269257,0,1.4840806722640991,-0.6901702880859375,0.3125878572463989,1],[7,0.007227929774671793,0.8220189213752747,-0.5694145560264587,0,-0.003360894974321127,-0.569406270980835,-0.8220494985580444,0,-0.9999678730964661,0.007855461910367012,-0.001352909835986793,0,1.430785894393921,-0.39154478907585144,0.08398748934268951,1],[7,0.009933318942785263,0.14177490770816803,-0.9898492097854614,0,-0.33035174012184143,-0.9338521957397461,-0.13706965744495392,0,-0.9438058137893677,0.3283599317073822,0.037559330463409424,0,1.3444461822509766,-0.043479591608047485,0.021359171718358994,1],[7,0.07747860997915268,0.11914637684822083,-0.9898492693901062,0,-0.7419853210449219,-0.6562547087669373,-0.1370696872472763,0,-0.6659243702888489,0.7450736165046692,0.0375591404736042,0,0.9897361993789673,-0.5989618897438049,0.021359387785196304,1],[7,1.3763876705041866e-9,-0.0000010450661420691176,1,0,-0.000796317879576236,-0.9999997019767761,-0.0000010450646641402273,0,0.9999996423721313,-0.0007963179377838969,-2.2085921980163903e-9,0,-0.7795392870903015,0.0007974205655045807,2.2117245812580677e-9,1],[7,-0.3340667188167572,0.7887672781944275,-0.5159899592399597,0,0.0051648891530931,-0.5459006428718567,-0.8378340601921082,0,-0.9425350427627563,-0.28255757689476013,0.178293377161026,0,1.3022090196609497,-0.012160697020590305,-0.16273200511932373,1],[7,-1.8816315616732027e-7,-0.0000018126195300283143,-1.0000001192092896,0,-0.10325247049331665,-0.9946551322937012,0.0000018223601045974647,0,-0.994655191898346,0.10325246304273605,-6.401596023871e-16,0,1.6265244483947754,-0.5996875762939453,6.521057684949483e-7,1],[7,-0.15446875989437103,0.979030191898346,0.13280878961086273,0,-0.06060376018285751,0.12477988749742508,-0.9903315901756287,0,-0.9861368536949158,-0.16102401912212372,0.04005834087729454,0,1.5236903429031372,0.6005950570106506,-0.10541548579931259,1],[7,0.0065081133507192135,0.9911279678344727,0.13274946808815002,0,-0.12765029072761536,0.1324896365404129,-0.9829299449920654,0,-0.991797924041748,-0.010548489168286324,0.12738002836704254,0,1.3773036003112793,0.39531993865966797,-0.22687022387981415,1],[7,0.3029487431049347,0.9437149167060852,0.13275188207626343,0,-0.08212754875421524,0.16463243961334229,-0.9829295873641968,0,-0.9494613409042358,0.2868746519088745,0.12738025188446045,0,1.2638553380966187,0.017741609364748,-0.22686953842639923,1],[7,1.3763876705041866e-9,-0.0000010450661420691176,1,0,-0.000796317879576236,-0.9999997019767761,-0.0000010450646641402273,0,0.9999996423721313,-0.0007963179377838969,-2.2085921980163903e-9,0,-1.001437783241272,0.04388516768813133,2.458805381522211e-9,1],[7,-0.33406686782836914,0.7887672185897827,-0.5159899592399597,0,0.005164984613656998,-0.5459006428718567,-0.8378340601921082,0,-0.9425349831581116,-0.28255775570869446,0.178293377161026,0,1.0972938537597656,-0.012160425074398518,-0.16273203492164612,1],[7,-2.4542961796214513e-7,3.249531346227741e-7,-1.0000001192092896,0,0.6026914119720459,-0.7979740500450134,-4.0722272842685925e-7,0,-0.7979741096496582,-0.6026914119720459,-5.868374489893433e-16,0,1.4912972450256348,0.5703133344650269,-3.3940111165975395e-7,1]],8,8,8,8,8,8,8,8,8,8,8,8,8,8,8,8,8]]],0,0,[],[],[]]
