[1,0,0,[["cc.Skeleton",["_name","_hash","_joints","_bindposes"],0,12]],[[0,0,1,2,3,4]],[[0,"Skin-0",3550091956,["绿僵尸_root/Bone001/Bone002","Bone008/Bone009","Bone013/Bone014","绿僵尸_root/Bone001/Bone003(mirrored)","绿僵尸_root/Bone001/Bone002/Dummy002/Bone005(mirrored)","绿僵尸_root/Bone001/Bone002/Bone007","绿僵尸_root/Bone001/Bone002/Bone007(mirrored)","绿僵尸_root/Bone001/Bone002/Dummy001/Bone005","绿僵尸_root/Bone001/Bone002/Dummy002/Bone004(mirrored)","绿僵尸_root/Bone001/Bone002/Bone006(mirrored)","绿僵尸_root/Bone001/Bone002/Bone006","绿僵尸_root/Bone001","绿僵尸_root/Bone001/Bone003","Bone010/Bone011","绿僵尸_root/Bone001/Bone002/Dummy001/Bone004","Bone017/Bone018","Bone008","Bone008/Bone009/Bone016","Bone013","Bone013/Bone014/Bone015","Bone010","Bone010/Bone011/Bone012","Bone017","Bone017/Bone018/Bone019"],[[[7,6.123234262925839e-17,-3.8147746295180696e-7,-1,0,6.123234262925839e-17,1,-3.8147746295180696e-7,0,1,-6.123231615947879e-17,6.12323624815931e-17,0,-0.18014588952064514,2.384185648907078e-8,-2.010043909095316e-9,1],[7,0.9813882112503052,0.006151882465928793,0.19193676114082336,0,0.1919350028038025,0.0008875962230376899,-0.9814072847366333,0,-0.006207864731550217,0.9999808669090271,-0.0003096849541179836,0,-0.3516297936439514,-0.7027162313461304,0.24574340879917145,1],[7,0.4050656259059906,-0.9142876267433167,1.268057161496472e-7,0,0.9142876267433167,0.4050656259059906,-5.074918973946296e-8,0,-4.9652832956326165e-9,1.3649365371293243e-7,1,0,-0.39943403005599976,0.031034253537654877,-0.7008571028709412,1],[7,8.604823733548983e-7,1.0066775857353605e-8,1,0,-0.9996538758277893,-0.026306692510843277,8.60449404171959e-7,0,0.026306692510843277,-0.9996538758277893,-1.257315229707956e-8,0,-0.3701825439929962,0.18781305849552155,-0.3160698115825653,1],[7,-1.0202032996176058e-7,2.1323621979263407e-7,1,0,-0.9977849125862122,0.06652326136827469,-1.15979503334529e-7,0,-0.06652326136827469,-0.9977849125862122,2.059771446738523e-7,0,-0.3551645576953888,0.5969031453132629,-0.1807202249765396,1],[7,1.7948998731753818e-7,-7.062232612042862e-7,-1,0,-0.012194797396659851,0.9999256730079651,-7.08359607415332e-7,0,0.9999256730079651,0.012194797396659851,1.7086438219848787e-7,0,-0.22788551449775696,0.3704885244369507,0.16369026899337769,1],[7,-5.8928609547592714e-8,-9.645569321037328e-8,1,0,-0.012194797396659851,-0.9999256730079651,-9.71671383354078e-8,0,0.9999256730079651,-0.012194797396659851,5.774796818514005e-8,0,-0.22788545489311218,-0.3704884946346283,0.16368988156318665,1],[7,-1.0202032996176058e-7,-1.6582917794494278e-7,-1,0,-0.9977849125862122,-0.06652326136827469,1.1282583756155873e-7,0,-0.06652326136827469,0.9977849125862122,-1.5867512104250636e-7,0,-0.35516467690467834,-0.5969031453132629,-0.18071633577346802,1],[7,-9.702795722432711e-8,2.3143493876887078e-7,1,0,-0.9998316168785095,0.01834838092327118,-1.0125808103111922e-7,0,-0.01834838092327118,-0.9998316168785095,2.2961567935908533e-7,0,-0.3848383128643036,0.4796879291534424,-0.18072019517421722,1],[7,-1.649358125632716e-7,-0.0000046751497393415775,1,0,-0.025897391140460968,0.9996646046638489,0.0000046693103286088444,0,-0.9996644854545593,-0.025897393003106117,-2.859547123534867e-7,0,0.4365031123161316,0.3865998387336731,0.1772017925977707,1],[7,7.348273811658146e-8,-0.0000023264130959432805,-1,0,-0.025897391140460968,-0.9996646046638489,0.000002323729859199375,0,-0.9996646046638489,0.025897391140460968,-1.3370612350627198e-7,0,0.436503142118454,-0.38660016655921936,0.1772039830684662,1],[7,6.123234262925839e-17,-5.563606464420445e-8,-1,0,6.123234262925839e-17,1,-5.563606464420445e-8,0,1,-6.123233601181349e-17,6.123234262925839e-17,0,0.002892608754336834,0.020230378955602646,-2.009836519434316e-9,1],[7,3.8364518673006387e-7,-7.981514471566697e-8,-1,0,-0.9996538758277893,0.026306692510843277,-3.8561208270948555e-7,0,0.026306692510843277,0.9996538758277893,-6.969509058762924e-8,0,-0.3701823353767395,-0.18781310319900513,-0.3160659968852997,1],[7,-0.9762922525405884,-3.358316291723895e-8,-0.21645598113536835,0,0.21645595133304596,-2.2394008425408174e-8,-0.9762924313545227,0,2.7939673685750677e-8,-0.9999997615814209,2.9132385392927063e-8,0,-0.3349083960056305,0.7002600431442261,0.13143962621688843,1],[7,-9.702795722432711e-8,-1.6372351296922716e-7,-1,0,-0.9998316168785095,-0.01834838092327118,1.0001568995221533e-7,0,-0.01834838092327118,0.9998316168785095,-1.619156506649233e-7,0,-0.38483843207359314,-0.47968801856040955,-0.1807163655757904,1],[7,-0.7004676461219788,0.7136841416358948,-1.4079962795676693e-7,0,-0.7136841416358948,-0.7004676461219788,-2.2876127658832957e-8,0,-1.1495190932464538e-7,8.446247079518798e-8,1,0,-0.14972475171089172,0.28685081005096436,-0.7033447027206421,1],[7,0.9812701344490051,0.01641089841723442,0.19193677604198456,0,0.19191521406173706,0.0028940204065293074,-0.9814072847366333,0,-0.01666124351322651,0.9998611807823181,-0.0003096849541179836,0,-0.25754988193511963,-0.7063536643981934,0.24574340879917145,1],[7,0.9813880920410156,0.006151894107460976,0.19193676114082336,0,0.1919350028038025,0.0008875599014572799,-0.9814071655273438,0,-0.006207867991179228,0.9999809265136719,-0.00030972290551289916,0,-0.4291817843914032,-0.7027162909507751,0.24574337899684906,1],[7,0.43381544947624207,-0.9010017514228821,1.268057161496472e-7,0,0.9010017514228821,0.43381544947624207,-5.0749186186749284e-8,0,-9.285173518946976e-9,1.362679569183456e-7,1,0,-0.3389766216278076,0.018369777128100395,-0.7008571028709412,1],[7,0.4050656259059906,-0.9142876267433167,1.268057161496472e-7,0,0.9142876267433167,0.4050656259059906,-5.074918973946296e-8,0,-4.9652832956326165e-9,1.3649365371293243e-7,1,0,-0.45829370617866516,0.03103429079055786,-0.7008571028709412,1],[7,-0.9759934544563293,0.024158643558621407,-0.21645598113536835,0,0.21638968586921692,-0.00535626383498311,-0.9762924313545227,0,-0.02474529668688774,-0.999693751335144,-2.6310140732732634e-9,0,-0.24865557253360748,0.7083331942558289,0.13143964111804962,1],[7,-0.9762922525405884,-3.358316291723895e-8,-0.21645598113536835,0,0.21645595133304596,-2.2394008425408174e-8,-0.9762924313545227,0,2.7939673685750677e-8,-0.9999997615814209,2.9132385392927063e-8,0,-0.4060937464237213,0.7002600431442261,0.13143962621688843,1],[7,-0.6866236329078674,0.727013111114502,-1.4079962795676693e-7,0,-0.727013111114502,-0.6866236329078674,-2.2876125882476117e-8,0,-1.1330759264183143e-7,8.665588779876998e-8,1,0,-0.07262972742319107,0.2896750569343567,-0.7033447027206421,1],[7,-0.7004676461219788,0.7136841416358948,-1.4079962795676693e-7,0,-0.7136841416358948,-0.7004676461219788,-2.2876127658832957e-8,0,-1.1495190932464538e-7,8.446247079518798e-8,1,0,-0.22261624038219452,0.28685083985328674,-0.7033447027206421,1]],8,8,8,8,8,8,8,8,8,8,8,8,8,8,8,8,8,8,8,8,8,8,8,8]]],0,0,[],[],[]]
