[1,0,0,[["cc.Skeleton",["_name","_hash","_joints","_bindposes"],0,12]],[[0,0,1,2,3,4]],[[0,"Skin-2",190950168,["Bip001/Bip001 Pelvis/Bip001 Spine/Bip001 Spine1/Bip001 Neck/Bip001 Head","Bip001/Bip001 Pelvis/Bip001 Spine/Bip001 Spine1/Bip001 Neck/Bip001 Head/Bone060","Bip001/Bip001 Pelvis/Bip001 Spine/Bip001 Spine1/Bip001 Neck/Bip001 Head/Bone069/Bone070/Bone071","Bip001/Bip001 Pelvis/Bip001 Spine/Bip001 Spine1/Bip001 Neck/Bip001 Head/Bone069/Bone070","Bip001/Bip001 Pelvis/Bip001 Spine/Bip001 Spine1/Bip001 Neck/Bip001 Head/Bone060/Bone061","Bip001/Bip001 Pelvis/Bip001 Spine/Bip001 Spine1","Bip001/Bip001 Pelvis/Bip001 Spine/Bip001 Spine1/Bip001 Neck","Bip001/Bip001 Pelvis/Bip001 Spine/Bip001 Spine1/Bip001 Neck/Bip001 R Clavicle","Bip001/Bip001 Pelvis/Bip001 Spine/Bip001 Spine1/Bip001 Neck/Bip001 Head/Bone060/Bone061/Bone062","Bip001/Bip001 Pelvis/Bip001 Spine/Bip001 R Thigh/Bip001 R Calf","Bip001/Bip001 Pelvis/Bip001 Spine/Bip001 R Thigh/Bip001 R Calf/Bip001 R Foot","Bip001/Bip001 Pelvis/Bip001 Spine/Bip001 R Thigh/Bip001 R Calf/Bip001 R Foot/Bip001 R Toe0","Bip001/Bip001 Pelvis/Bip001 Spine/Bip001 R Thigh","Bip001/Bip001 Pelvis/Bip001 Spine/Bip001 R Thigh/Bip001 R Calf/Bip001 R Foot/Bip001 R Toe0/Bip001 R Toe0Nub","Bip001/Bip001 Pelvis/Bip001 Spine/Bip001 L Thigh","Bip001/Bip001 Pelvis","Bip001/Bip001 Pelvis/Bip001 Spine","Bip001/Bip001 Pelvis/Bip001 Spine/Bip001 Spine1/Bip001 Neck/Bip001 R Clavicle/Bip001 R UpperArm","Bip001/Bip001 Pelvis/Bip001 Spine/Bip001 Spine1/Bip001 Neck/Bip001 R Clavicle/Bip001 R UpperArm/Bip001 R Forearm","Bip001/Bip001 Pelvis/Bip001 Spine/Bip001 Spine1/Bip001 Neck/Bip001 R Clavicle/Bip001 R UpperArm/Bip001 R Forearm/Bip001 R Hand","Bip001/Bip001 Pelvis/Bip001 Spine/Bip001 Spine1/Bip001 Neck/Bip001 R Clavicle/Bip001 R UpperArm/Bip001 R Forearm/Bip001 R Hand/Bip001 R Finger3","Bip001/Bip001 Pelvis/Bip001 Spine/Bip001 Spine1/Bip001 Neck/Bip001 R Clavicle/Bip001 R UpperArm/Bip001 R Forearm/Bip001 R Hand/Bip001 R Finger3/Bip001 R Finger31","Bip001/Bip001 Pelvis/Bip001 Spine/Bip001 Spine1/Bip001 Neck/Bip001 R Clavicle/Bip001 R UpperArm/Bip001 R Forearm/Bip001 R Hand/Bip001 R Finger3/Bip001 R Finger31/Bip001 R Finger32","Bip001/Bip001 Pelvis/Bip001 Spine/Bip001 Spine1/Bip001 Neck/Bip001 R Clavicle/Bip001 R UpperArm/Bip001 R Forearm/Bip001 R Hand/Bip001 R Finger2","Bip001/Bip001 Pelvis/Bip001 Spine/Bip001 Spine1/Bip001 Neck/Bip001 R Clavicle/Bip001 R UpperArm/Bip001 R Forearm/Bip001 R Hand/Bip001 R Finger2/Bip001 R Finger21","Bip001/Bip001 Pelvis/Bip001 Spine/Bip001 Spine1/Bip001 Neck/Bip001 R Clavicle/Bip001 R UpperArm/Bip001 R Forearm/Bip001 R Hand/Bip001 R Finger1","Bip001/Bip001 Pelvis/Bip001 Spine/Bip001 Spine1/Bip001 Neck/Bip001 R Clavicle/Bip001 R UpperArm/Bip001 R Forearm/Bip001 R Hand/Bip001 R Finger0","Bip001/Bip001 Pelvis/Bip001 Spine/Bip001 Spine1/Bip001 Neck/Bip001 R Clavicle/Bip001 R UpperArm/Bip001 R Forearm/Bip001 R Hand/Bip001 R Finger0/Bip001 R Finger01","Bip001/Bip001 Pelvis/Bip001 Spine/Bip001 Spine1/Bip001 Neck/Bip001 R Clavicle/Bip001 R UpperArm/Bip001 R Forearm/Bip001 R Hand/Bip001 R Finger0/Bip001 R Finger01/Bip001 R Finger02","Bip001/Bip001 Pelvis/Bip001 Spine/Bip001 Spine1/Bip001 Neck/Bip001 R Clavicle/Bip001 R UpperArm/Bip001 R Forearm/Bip001 R Hand/Bip001 R Finger1/Bip001 R Finger11","Bip001/Bip001 Pelvis/Bip001 Spine/Bip001 Spine1/Bip001 Neck/Bip001 R Clavicle/Bip001 R UpperArm/Bip001 R Forearm/Bip001 R Hand/Bip001 R Finger1/Bip001 R Finger11/Bip001 R Finger12","Bip001/Bip001 Pelvis/Bip001 Spine/Bip001 Spine1/Bip001 Neck/Bip001 R Clavicle/Bip001 R UpperArm/Bip001 R Forearm/Bip001 R Hand/Bip001 R Finger2/Bip001 R Finger21/Bip001 R Finger22","Bip001/Bip001 Pelvis/Bip001 Spine/Bip001 Spine1/Bip001 Neck/Bip001 Head/Bone069","Bip001/Bip001 Pelvis/Bip001 Spine/Bip001 Spine1/Bip001 Neck/Bip001 Head/Bip001 HeadNub","Bip001/Bip001 Pelvis/Bip001 Spine/Bip001 Spine1/Bip001 Neck/Bip001 Head/Bone064","Bip001/Bip001 Pelvis/Bip001 Spine/Bip001 Spine1/Bip001 Neck/Bip001 Head/Bone064/Bone065/Bone066","Bip001/Bip001 Pelvis/Bip001 Spine/Bip001 Spine1/Bip001 Neck/Bip001 Head/Bone064/Bone065/Bone066/Bone068","Bip001/Bip001 Pelvis/Bip001 Spine/Bip001 Spine1/Bip001 Neck/Bip001 Head/Bone064/Bone065","Bip001/Bip001 Pelvis/Bip001 Spine/Bip001 Spine1/Bip001 Neck/Bip001 Head/Bone056","Bip001/Bip001 Pelvis/Bip001 Spine/Bip001 Spine1/Bip001 Neck/Bip001 Head/Bone056/Bone057","Bip001/Bip001 Pelvis/Bip001 Spine/Bip001 Spine1/Bip001 Neck/Bip001 L Clavicle","Bip001/Bip001 Pelvis/Bip001 Spine/Bip001 Spine1/Bip001 Neck/Bip001 Head/Bone056/Bone057/Bone058","Bip001/Bip001 Pelvis/Bip001 Spine/Bip001 L Thigh/Bip001 L Calf","Bip001/Bip001 Pelvis/Bip001 Spine/Bip001 L Thigh/Bip001 L Calf/Bip001 L Foot","Bip001/Bip001 Pelvis/Bip001 Spine/Bip001 L Thigh/Bip001 L Calf/Bip001 L Foot/Bip001 L Toe0","Bip001/Bip001 Pelvis/Bip001 Spine/Bip001 L Thigh/Bip001 L Calf/Bip001 L Foot/Bip001 L Toe0/Bip001 L Toe01","Bip001/Bip001 Pelvis/Bip001 Spine/Bip001 Spine1/Bip001 Neck/Bip001 L Clavicle/Bip001 L UpperArm/Bip001 L Forearm/Bip001 L Hand/Bip001 L Finger2/Bip001 L Finger21/Bip001 L Finger22","Bip001/Bip001 Pelvis/Bip001 Spine/Bip001 Spine1/Bip001 Neck/Bip001 L Clavicle/Bip001 L UpperArm/Bip001 L Forearm/Bip001 L Hand/Bip001 L Finger2/Bip001 L Finger21","Bip001/Bip001 Pelvis/Bip001 Spine/Bip001 Spine1/Bip001 Neck/Bip001 L Clavicle/Bip001 L UpperArm","Bip001/Bip001 Pelvis/Bip001 Spine/Bip001 Spine1/Bip001 Neck/Bip001 L Clavicle/Bip001 L UpperArm/Bip001 L Forearm","Bip001/Bip001 Pelvis/Bip001 Spine/Bip001 Spine1/Bip001 Neck/Bip001 L Clavicle/Bip001 L UpperArm/Bip001 L Forearm/Bip001 L Hand","Bip001/Bip001 Pelvis/Bip001 Spine/Bip001 Spine1/Bip001 Neck/Bip001 L Clavicle/Bip001 L UpperArm/Bip001 L Forearm/Bip001 L Hand/Bip001 L Finger3","Bip001/Bip001 Pelvis/Bip001 Spine/Bip001 Spine1/Bip001 Neck/Bip001 L Clavicle/Bip001 L UpperArm/Bip001 L Forearm/Bip001 L Hand/Bip001 L Finger3/Bip001 L Finger31","Bip001/Bip001 Pelvis/Bip001 Spine/Bip001 Spine1/Bip001 Neck/Bip001 L Clavicle/Bip001 L UpperArm/Bip001 L Forearm/Bip001 L Hand/Bip001 L Finger3/Bip001 L Finger31/Bip001 L Finger32","Bip001/Bip001 Pelvis/Bip001 Spine/Bip001 Spine1/Bip001 Neck/Bip001 L Clavicle/Bip001 L UpperArm/Bip001 L Forearm/Bip001 L Hand/Bip001 L Finger3/Bip001 L Finger31/Bip001 L Finger32/Bip001 L Finger3Nub","Bip001/Bip001 Pelvis/Bip001 Spine/Bip001 Spine1/Bip001 Neck/Bip001 L Clavicle/Bip001 L UpperArm/Bip001 L Forearm/Bip001 L Hand/Bip001 L Finger2","Bip001/Bip001 Pelvis/Bip001 Spine/Bip001 Spine1/Bip001 Neck/Bip001 L Clavicle/Bip001 L UpperArm/Bip001 L Forearm/Bip001 L Hand/Bip001 L Finger1","Bip001/Bip001 Pelvis/Bip001 Spine/Bip001 Spine1/Bip001 Neck/Bip001 L Clavicle/Bip001 L UpperArm/Bip001 L Forearm/Bip001 L Hand/Bip001 L Finger0","Bip001/Bip001 Pelvis/Bip001 Spine/Bip001 Spine1/Bip001 Neck/Bip001 L Clavicle/Bip001 L UpperArm/Bip001 L Forearm/Bip001 L Hand/Bip001 L Finger0/Bip001 L Finger01","Bip001/Bip001 Pelvis/Bip001 Spine/Bip001 Spine1/Bip001 Neck/Bip001 L Clavicle/Bip001 L UpperArm/Bip001 L Forearm/Bip001 L Hand/Bip001 L Finger0/Bip001 L Finger01/Bip001 L Finger02","Bip001/Bip001 Pelvis/Bip001 Spine/Bip001 Spine1/Bip001 Neck/Bip001 L Clavicle/Bip001 L UpperArm/Bip001 L Forearm/Bip001 L Hand/Bip001 L Finger1/Bip001 L Finger11","Bip001/Bip001 Pelvis/Bip001 Spine/Bip001 Spine1/Bip001 Neck/Bip001 L Clavicle/Bip001 L UpperArm/Bip001 L Forearm/Bip001 L Hand/Bip001 L Finger1/Bip001 L Finger11/Bip001 L Finger12","Bip001/Bip001 Pelvis/Bip001 Spine/Bip001 Spine1/Bip001 Neck/Bip001 L Clavicle/Bip001 L UpperArm/Bip001 L Forearm/Bip001 L Hand/Bip001 L Finger0/Bip001 L Finger01/Bip001 L Finger02/Bip001 L Finger0Nub","Bip001/Bip001 Pelvis/Bip001 Spine/Bip001 Spine1/Bip001 Neck/Bip001 L Clavicle/Bip001 L UpperArm/Bip001 L Forearm/Bip001 L Hand/Bip001 L Finger1/Bip001 L Finger11/Bip001 L Finger12/Bip001 L Finger1Nub","Bip001/Bip001 Pelvis/Bip001 Spine/Bip001 Spine1/Bip001 Neck/Bip001 L Clavicle/Bip001 L UpperArm/Bip001 L Forearm/Bip001 L Hand/Bip001 L Finger2/Bip001 L Finger21/Bip001 L Finger22/Bip001 L Finger2Nub"],[[[7,7.510177368885707e-8,-0.000001404751969857898,1,0,-0.054779790341854095,-0.9984985589981079,-0.0000013985285249873414,0,0.9984984993934631,-0.054779790341854095,-1.519410233186136e-7,0,-1.109039068222046,0.10390757769346237,1.689412414407343e-7,1],[7,-0.15446878969669342,0.979030191898346,0.13280856609344482,0,-0.060603756457567215,0.12477964907884598,-0.9903316497802734,0,-0.9861368536949158,-0.1610240340232849,0.04005837440490723,0,1.5234413146972656,0.6005544662475586,-0.10540536791086197,1],[7,2.999058557051626e-9,-3.970805462216731e-9,-1,0,0.6026914119720459,-0.7979741096496582,4.9761088583011315e-9,0,-0.797974169254303,-0.6026914119720459,-6.90797031918975e-16,0,1.4910959005355835,0.5701611042022705,-3.0994689836916223e-7,1],[7,-1.9880808110883663e-7,-0.0000019151641481585102,-1,0,-0.10325250029563904,-0.994655191898346,0.0000019254553080827463,0,-0.994655191898346,0.10325250029563904,-3.2405831494680345e-16,0,1.626273274421692,-0.5996615886688232,5.444117050501518e-7,1],[7,0.00650806725025177,0.9911279678344727,0.13274919986724854,0,-0.12765033543109894,0.1324893683195114,-0.982930064201355,0,-0.991797924041748,-0.010548505000770092,0.12738007307052612,0,1.377053141593933,0.39531734585762024,-0.2268380969762802,1],[7,1.0916177961561857e-9,-0.0000014026936696609482,1,0,-0.000796317879576236,-0.9999997019767761,-0.0000014026923054188956,0,0.9999996423721313,-0.0007963179377838969,-2.208607741138735e-9,0,-0.779286801815033,0.0007972195162437856,2.211166583165891e-9,1],[7,1.0916177961561857e-9,-0.0000014026936696609482,1,0,-0.000796317879576236,-0.9999997019767761,-0.0000014026923054188956,0,0.9999996423721313,-0.0007963179377838969,-2.208607741138735e-9,0,-1.0011852979660034,0.043884966522455215,2.4582378355120227e-9,1],[7,-0.9877861738204956,-0.0000013640960787597578,0.15581563115119934,0,-0.0000013473520539264427,1,2.1307485553734296e-7,0,-0.15581564605236053,5.338806619015202e-10,-0.9877861142158508,0,0.09451815485954285,0.013598348945379257,0.9579079151153564,1],[7,0.30294865369796753,0.9437150955200195,0.13275140523910522,0,-0.08212769776582718,0.16463199257850647,-0.9829297065734863,0,-0.9494612812995911,0.2868746221065521,0.12738025188446045,0,1.2636154890060425,0.01781409978866577,-0.22683744132518768,1],[7,-0.09278476238250732,0.0028966728132218122,-0.9956820607185364,0,0.18711355328559875,-0.9821286797523499,-0.0202938225120306,0,-0.9779465794563293,-0.1881885528564453,0.09058457612991333,0,0.2693028151988983,0.06714130192995071,-0.14855283498764038,1],[7,4.371138828673793e-8,0.000001370906943520822,-1,0,-6.123234262925839e-17,-1,-0.000001370906943520822,0,-1,5.998547741425247e-14,-4.371139183945161e-8,0,0.06065995618700981,0.05631287023425102,-0.14482605457305908,1],[7,0.0000013716037301492179,4.371133499603275e-8,-1,0,-1,6.00158554038728e-14,-0.0000013716037301492179,0,6.123234262925839e-17,1,4.371133499603275e-8,0,-0.03582480177283287,-0.005114830564707518,-0.14482606947422028,1],[7,-0.09136133641004562,0.01644708402454853,-0.9956820607185364,0,0.0413360521197319,-0.9989392161369324,-0.020293783396482468,0,-0.9949594736099243,-0.0430116280913353,0.09058456867933273,0,0.5795159339904785,0.026998084038496017,-0.14855283498764038,1],[7,0.0000013716037301492179,4.371133499603275e-8,-1,0,-1,6.00158554038728e-14,-0.0000013716037301492179,0,6.123234262925839e-17,1,4.371133499603275e-8,0,-0.07855876535177231,-0.005114828702062368,-0.14482606947422028,1],[7,0.09136105328798294,-0.016444426029920578,-0.9956821203231812,0,0.0413363054394722,-0.9989392757415771,0.020291127264499664,0,-0.9949595332145691,-0.04301163926720619,-0.09058438986539841,0,0.5795159935951233,0.026998097077012062,0.14855273067951202,1],[7,0.0000013868000223737909,0.0000027577070795814507,1,0,6.123234262925839e-17,-1,0.0000027577070795814507,0,1,-3.8243271396898315e-12,-0.0000013868001360606286,0,-0.5912127494812012,2.261027086045142e-12,8.198938985515269e-7,1],[7,1.0916177961561857e-9,-0.0000014026936696609482,1,0,-0.000796317879576236,-0.9999997019767761,-0.0000014026923054188956,0,0.9999996423721313,-0.0007963179377838969,-2.208607741138735e-9,0,-0.6517610549926758,0.0006205273675732315,1.721093267903484e-9,1],[7,-0.6794352531433105,0.009393678978085518,0.7336754202842712,0,0.030185265466570854,0.9994293451309204,0.015157398767769337,0,-0.7331144213676453,0.032444652169942856,-0.6793310642242432,0,0.5823630094528198,-0.015518231317400932,0.7606297135353088,1],[7,-0.6527166366577148,-0.18889500200748444,0.7336754202842712,0,-0.26220113039016724,0.9648942947387695,0.015157399699091911,0,-0.7107822895050049,-0.18247707188129425,-0.6793310046195984,0,0.3644840121269226,0.0947427824139595,0.7606297135353088,1],[7,-0.6527166366577148,0.733524739742279,0.18947914242744446,0,-0.26220113039016724,0.01592572219669819,-0.9648818373680115,0,-0.7107822895050049,-0.6794760823249817,0.18193607032299042,0,0.21019066870212555,0.7607048749923706,-0.09413707256317139,1],[7,-0.43139633536338806,0.8821654319763184,0.18889488279819489,0,-0.24846845865249634,0.08510326594114304,-0.9648942947387695,0,-0.8672718405723572,-0.4631862938404083,0.18247708678245544,0,0.3132701516151428,0.691782534122467,-0.04904983192682266,1],[7,-0.21573005616664886,0.9580079913139343,0.18889476358890533,0,-0.22205747663974762,0.14024828374385834,-0.9648942947387695,0,-0.9508684277534485,-0.2501022219657898,0.18247710168361664,0,0.4391199052333832,0.6066890954971313,-0.04904991015791893,1],[7,0.011628356762230396,0.9819284677505493,0.18889464437961578,0,-0.1836114525794983,0.18779213726520538,-0.9648943543434143,0,-0.9829300045967102,-0.023463085293769836,0.18247707188129425,0,0.5418837666511536,0.4948022961616516,-0.04904993623495102,1],[7,-0.41265544295310974,0.8910860419273376,0.18889488279819489,0,-0.24661433696746826,0.09033563733100891,-0.9648942947387695,0,-0.8768676519393921,-0.4447530508041382,0.18247711658477783,0,0.3246106207370758,0.6913455128669739,-0.08480940014123917,1],[7,-0.19543437659740448,0.962353527545929,0.18889480829238892,0,-0.2190437614917755,0.14491018652915955,-0.9648942947387695,0,-0.9559420347213745,-0.22994975745677948,0.18247711658477783,0,0.4449287950992584,0.6048593521118164,-0.08480944484472275,1],[7,-0.36219701170921326,0.9127606153488159,0.18889492750167847,0,-0.24117879569530487,0.10398054122924805,-0.9648942947387695,0,-0.9003587365150452,-0.39503926038742065,0.18247710168361664,0,0.36743292212486267,0.6647297739982605,-0.12062196433544159,1],[7,0.011074633337557316,-0.009308639913797379,0.9998953342437744,0,-0.6375018954277039,0.7703174352645874,0.014232194982469082,0,-0.7703692317008972,-0.6375928521156311,0.0025967068504542112,0,0.43724310398101807,0.4854070246219635,0.3945971727371216,1],[7,0.008622139692306519,-0.011617041192948818,0.9998953342437744,0,-0.4421120285987854,0.8968469500541687,0.014232148416340351,0,-0.8969183564186096,-0.4421885311603546,0.0025967066176235676,0,0.5065199136734009,0.378546804189682,0.3945971727371216,1],[7,0.005702346563339233,-0.013295730575919151,0.9998953342437744,0,-0.2227606326341629,0.9747693538665771,0.01423201709985733,0,-0.9748564958572388,-0.22281847894191742,0.002596707083284855,0,0.5561479330062866,0.2569153904914856,0.3945971429347992,1],[7,-0.200044646859169,0.9614056348800659,0.1888948678970337,0,-0.219735786318779,0.14385870099067688,-0.9648942947387695,0,-0.9548287987709045,-0.23452891409397125,0.18247711658477783,0,0.44272640347480774,0.5975697040557861,-0.12062199413776398,1],[7,-0.031946949660778046,0.9814774990081787,0.18889456987380981,0,-0.19176223874092102,0.17946109175682068,-0.9648943543434143,0,-0.98092120885849,-0.06704827398061752,0.18247713148593903,0,0.5166044235229492,0.5165164470672607,-0.12062213569879532,1],[7,-0.045210957527160645,0.9809561371803284,0.18889454007148743,0,-0.1941705346107483,0.17685258388519287,-0.9648943543434143,0,-0.9799253940582275,-0.08030154556035995,0.18247710168361664,0,0.5035908222198486,0.5338056087493896,-0.0848095566034317,1],[7,-2.8870999813079834e-7,-3.2228066970674263e-7,-1,0,-0.6672486066818237,-0.7448350787162781,4.3268730109957687e-7,0,-0.7448350787162781,0.6672486066818237,-1.3035307662651648e-18,0,1.110286831855774,-1.4398338794708252,-9.838003478535029e-8,1],[7,7.510177368885707e-8,-0.000001404751969857898,1,0,-0.054779790341854095,-0.9984985589981079,-0.0000013985285249873414,0,0.9984984993934631,-0.054779790341854095,-1.519410233186136e-7,0,-1.7673311233520508,0.10390757769346237,1.689412414407343e-7,1],[7,0.015062009915709496,0.13632123172283173,-0.9905502796173096,0,0.2579565644264221,-0.9576571583747864,-0.1278720200061798,0,-0.9660392999649048,-0.2535928785800934,-0.049589190632104874,0,1.5096348524093628,0.7624855637550354,0.1447049230337143,1],[7,0.009933187626302242,0.141774520277977,-0.9898492693901062,0,-0.330351859331131,-0.9338521957397461,-0.1370692402124405,0,-0.9438057541847229,0.32836002111434937,0.03755933791399002,0,1.3442076444625854,-0.043396808207035065,0.021368617191910744,1],[7,0.07747832685709,0.11914610117673874,-0.989849328994751,0,-0.7419854402542114,-0.6562546491622925,-0.13706929981708527,0,-0.6659242510795593,0.7450736165046692,0.0375591479241848,0,0.9895678162574768,-0.5987737774848938,0.02136884443461895,1],[7,-0.032969262450933456,0.13824552297592163,-0.9898492097854614,0,-0.03560734540224075,-0.9899215698242188,-0.13706958293914795,0,-0.9988223314285278,0.03072681464254856,0.03755951300263405,0,1.4722747802734375,0.36104366183280945,0.02136852592229843,1],[7,0.2772752046585083,0.780089795589447,-0.5608732104301453,0,-1.490115231206346e-8,-0.5837623476982117,-0.8119247555732727,0,-0.96079021692276,0.2251267284154892,-0.1618628203868866,0,1.4838380813598633,-0.6901134848594666,0.31254687905311584,1],[7,0.007227929774671793,0.8220168948173523,-0.5694175958633423,0,-0.00336098438128829,-0.5694093704223633,-0.8220474123954773,0,-0.9999678730964661,0.007855508476495743,-0.0013528652489185333,0,1.4305334091186523,-0.39154261350631714,0.08398836851119995,1],[7,0.9877861738204956,-0.0000013777178082818864,0.15581563115119934,0,0.0000013609737834485713,1,2.141426165280791e-7,0,-0.15581564605236053,5.338804953680665e-10,0.9877861142158508,0,0.09451815485954285,0.013598349876701832,-0.9579079151153564,1],[7,-0.3340667188167572,0.7887672781944275,-0.515990138053894,0,0.0051648891530931,-0.545900821685791,-0.8378339409828186,0,-0.9425350427627563,-0.28255757689476013,0.17829342186450958,0,1.3019710779190063,-0.012232085689902306,-0.16268712282180786,1],[7,0.09278407692909241,-0.002894019242376089,-0.9956821203231812,0,0.18711382150650024,-0.9821286797523499,0.020291099324822426,0,-0.9779465794563293,-0.1881885677576065,-0.090584397315979,0,0.2693028450012207,0.06714131683111191,0.14855273067951202,1],[7,4.371138828673793e-8,0.000001370906943520822,-1,0,-6.123234262925839e-17,-1,-0.000001370906943520822,0,-1,5.998547741425247e-14,-4.371139183945161e-8,0,0.06065994128584862,0.05631287023425102,0.1448259800672531,1],[7,0.0000013716037301492179,-4.3711455788297826e-8,-1,0,-1,-5.989355739881644e-14,-0.0000013716037301492179,0,6.123234262925839e-17,1,-4.3711455788297826e-8,0,-0.03582480549812317,-0.005114830564707518,0.14482596516609192,1],[7,0.0000013716037301492179,-4.3711455788297826e-8,-1,0,-1,-5.989355739881644e-14,-0.0000013716037301492179,0,6.123234262925839e-17,1,-4.3711455788297826e-8,0,-0.07855876535177231,-0.005114828702062368,0.14482596516609192,1],[7,0.045211464166641235,-0.9809566140174866,0.18889205157756805,0,-0.19417043030261993,0.1768500655889511,0.9648948907852173,0,-0.9799253940582275,-0.08030156046152115,-0.18247711658477783,0,0.5035908222198486,0.5338056087493896,0.08480949699878693,1],[7,0.19543495774269104,-0.9623539447784424,0.1888922154903412,0,-0.21904322504997253,0.144907608628273,0.9648948311805725,0,-0.9559420347213745,-0.22994975745677948,-0.18247710168361664,0,0.4449288249015808,0.6048593521118164,0.08480942249298096,1],[7,0.679435133934021,-0.009396422654390335,0.733675479888916,0,0.030187129974365234,0.9994293451309204,-0.015155382454395294,0,-0.73311448097229,0.03244464844465256,0.6793310642242432,0,0.5823630690574646,-0.015518228523433208,-0.7606297135353088,1],[7,0.6527173519134521,0.18889236450195312,0.733675479888916,0,-0.262199342250824,0.9648948311805725,-0.015155388973653316,0,-0.7107822895050049,-0.18247707188129425,0.6793310642242432,0,0.3644840121269226,0.0947427898645401,-0.7606297135353088,1],[7,0.6527173519134521,-0.7335247993469238,0.18947650492191315,0,-0.262199342250824,0.01592371240258217,0.9648824334144592,0,-0.7107822895050049,-0.6794760823249817,-0.18193607032299042,0,0.21019066870212555,0.7607048749923706,0.09413708001375198,1],[7,0.4313969910144806,-0.8821657299995422,0.18889226019382477,0,-0.24846728146076202,0.08510086685419083,0.9648948311805725,0,-0.8672718405723572,-0.4631862938404083,-0.18247708678245544,0,0.3132701814174652,0.6917825937271118,0.049049828201532364,1],[7,0.21573065221309662,-0.9580084085464478,0.18889214098453522,0,-0.22205688059329987,0.14024567604064941,0.9648948907852173,0,-0.9508684277534485,-0.2501021921634674,-0.18247710168361664,0,0.43911993503570557,0.6066890954971313,0.049049898982048035,1],[7,-0.011627820320427418,-0.9819290637969971,0.18889184296131134,0,-0.18361148238182068,0.18778927624225616,0.9648949503898621,0,-0.9829300045967102,-0.023463087156414986,-0.18247707188129425,0,0.5418837666511536,0.4948022961616516,0.04905002564191818,1],[7,-0.011627820320427418,-0.9819290637969971,0.18889184296131134,0,-0.18361148238182068,0.18778927624225616,0.9648949503898621,0,-0.9829300045967102,-0.023463087156414986,-0.18247707188129425,0,0.5155540704727173,0.4948022961616516,0.049050021916627884,1],[7,0.41265609860420227,-0.8910863399505615,0.18889230489730835,0,-0.24661323428153992,0.0903332531452179,0.9648948311805725,0,-0.8768676519393921,-0.44475308060646057,-0.18247711658477783,0,0.3246106207370758,0.6913455128669739,0.08480937778949738,1],[7,0.3621976673603058,-0.9127609133720398,0.18889228999614716,0,-0.24117779731750488,0.10397803783416748,0.9648948311805725,0,-0.9003587365150452,-0.39503929018974304,-0.18247711658477783,0,0.36743295192718506,0.6647297739982605,0.12062196433544159,1],[7,-0.011072846129536629,0.009306480176746845,0.9998953938484192,0,-0.6375018954277039,0.7703174352645874,-0.014229390770196915,0,-0.770369291305542,-0.6375927925109863,-0.0025967066176235676,0,0.43724310398101807,0.4854069948196411,-0.3945971429347992,1],[7,-0.008620883338153362,0.011614492163062096,0.9998953938484192,0,-0.4421120285987854,0.8968470096588135,-0.0142293069511652,0,-0.8969184160232544,-0.44218847155570984,-0.002596706384792924,0,0.5065199136734009,0.378546804189682,-0.3945971429347992,1],[7,-0.005701689049601555,0.013292858377099037,0.9998953938484192,0,-0.22276060283184052,0.9747693538665771,-0.014229070395231247,0,-0.9748564958572388,-0.22281843423843384,-0.0025967066176235676,0,0.5561479330062866,0.256915420293808,-0.3945971131324768,1],[7,0.20004524290561676,-0.9614060521125793,0.18889227509498596,0,-0.21973523497581482,0.14385610818862915,0.9648948311805725,0,-0.9548287987709045,-0.23452891409397125,-0.18247711658477783,0,0.44272640347480774,0.5975697636604309,0.12062195688486099,1],[7,0.031947486102581024,-0.9814780354499817,0.18889185786247253,0,-0.19176213443279266,0.17945833504199982,0.9648948907852173,0,-0.98092120885849,-0.06704826653003693,-0.18247713148593903,0,0.5166044235229492,0.516516387462616,0.1206221729516983,1],[7,-0.005701689049601555,0.013292858377099037,0.9998953938484192,0,-0.22276060283184052,0.9747693538665771,-0.014229070395231247,0,-0.9748564958572388,-0.22281843423843384,-0.0025967066176235676,0,0.5298182368278503,0.256915420293808,-0.3945971131324768,1],[7,0.031947486102581024,-0.9814780354499817,0.18889185786247253,0,-0.19176213443279266,0.17945833504199982,0.9648948907852173,0,-0.98092120885849,-0.06704826653003693,-0.18247713148593903,0,0.4902747571468353,0.516516387462616,0.1206221729516983,1],[7,0.045211464166641235,-0.9809566140174866,0.18889205157756805,0,-0.19417043030261993,0.1768500655889511,0.9648948907852173,0,-0.9799253940582275,-0.08030156046152115,-0.18247711658477783,0,0.4719952344894409,0.5338056087493896,0.08480950444936752,1]],8,8,8,8,8,8,8,8,8,8,8,8,8,8,8,8,8,8,8,8,8,8,8,8,8,8,8,8,8,8,8,8,8,8,8,8,8,8,8,8,8,8,8,8,8,8,8,8,8,8,8,8,8,8,8,8,8,8,8,8,8,8,8,8,8]]],0,0,[],[],[]]
