[1,0,0,[["cc.Skeleton",["_name","_hash","_joints","_bindposes"],0,12]],[[0,0,1,2,3,4]],[[0,"Skin-0",907532434,["Bip001/Bip001 Pelvis/Bip001 Spine/Bip001 Spine1","Bip001/Bip001 Pelvis/Bip001 Spine/Bip001 Spine1/Bip001 Neck","Bip001/Bip001 Pelvis/Bip001 Spine/Bip001 Spine1/Bip001 Neck/Bip001 R Clavicle","Bip001/Bip001 Pelvis/Bip001 Spine/Bip001 Spine1/Bip001 Neck/Bip001 L Clavicle","Bip001/Bip001 Pelvis/Bip001 Spine/Bip001 Spine1/Bip001 Neck/Bip001 L Clavicle/Bip001 L UpperArm","Bip001/Bip001 Pelvis/Bip001 Spine","Bip001/Bip001 Pelvis/Bip001 Spine/Bip001 L Thigh/Bip001 L Calf/Bip001 L Foot","Bip001/Bip001 Pelvis/Bip001 Spine/Bip001 L Thigh/Bip001 L Calf","Bip001/Bip001 Pelvis/Bip001 Spine/Bip001 L Thigh","Bip001/Bip001 Pelvis/Bip001 Spine/Bip001 L Thigh/Bip001 L Calf/Bip001 L Foot/Bip001 L Toe0","Bip001/Bip001 Pelvis","Bip001/Bip001 Pelvis/Bip001 Spine/Bip001 R Thigh","Bip001/Bip001 Pelvis/Bip001 Spine/Bip001 Spine1/Bip001 Neck/Bip001 Head/Bone064/Bone065/Bone066","Bip001/Bip001 Pelvis/Bip001 Spine/Bip001 Spine1/Bip001 Neck/Bip001 Head/Bone064/Bone065/Bone066/Bone068","Bip001/Bip001 Pelvis/Bip001 Spine/Bip001 Spine1/Bip001 Neck/Bip001 Head/Bone064/Bone065","Bip001/Bip001 Pelvis/Bip001 Spine/Bip001 Spine1/Bip001 Neck/Bip001 R Clavicle/Bip001 R UpperArm","Bip001/Bip001 Pelvis/Bip001 Spine/Bip001 R Thigh/Bip001 R Calf","Bip001/Bip001 Pelvis/Bip001 Spine/Bip001 R Thigh/Bip001 R Calf/Bip001 R Foot","Bip001/Bip001 Pelvis/Bip001 Spine/Bip001 R Thigh/Bip001 R Calf/Bip001 R Foot/Bip001 R Toe0"],[[[7,1.0916177961561857e-9,-0.0000014026936696609482,1,0,-0.000796317879576236,-0.9999997019767761,-0.0000014026923054188956,0,0.9999996423721313,-0.0007963179377838969,-2.208607741138735e-9,0,-0.779286801815033,0.0007972195162437856,2.211166583165891e-9,1],[7,1.0916177961561857e-9,-0.0000014026936696609482,1,0,-0.000796317879576236,-0.9999997019767761,-0.0000014026923054188956,0,0.9999996423721313,-0.0007963179377838969,-2.208607741138735e-9,0,-1.0011852979660034,0.043884966522455215,2.4582378355120227e-9,1],[7,-0.9877861738204956,-0.0000013640960787597578,0.15581563115119934,0,-0.0000013473520539264427,1,2.1307485553734296e-7,0,-0.15581564605236053,5.338806619015202e-10,-0.9877861142158508,0,0.09451815485954285,0.013598348945379257,0.9579079151153564,1],[7,0.9877861738204956,-0.0000013777178082818864,0.15581563115119934,0,0.0000013609737834485713,1,2.141426165280791e-7,0,-0.15581564605236053,5.338804953680665e-10,0.9877861142158508,0,0.09451815485954285,0.013598349876701832,-0.9579079151153564,1],[7,0.679435133934021,-0.009396422654390335,0.733675479888916,0,0.030187129974365234,0.9994293451309204,-0.015155382454395294,0,-0.73311448097229,0.03244464844465256,0.6793310642242432,0,0.5823630690574646,-0.015518228523433208,-0.7606297135353088,1],[7,1.0916177961561857e-9,-0.0000014026936696609482,1,0,-0.000796317879576236,-0.9999997019767761,-0.0000014026923054188956,0,0.9999996423721313,-0.0007963179377838969,-2.208607741138735e-9,0,-0.6517610549926758,0.0006205273675732315,1.721093267903484e-9,1],[7,4.371138828673793e-8,0.000001370906943520822,-1,0,-6.123234262925839e-17,-1,-0.000001370906943520822,0,-1,5.998547741425247e-14,-4.371139183945161e-8,0,0.06065994128584862,0.05631287023425102,0.1448259800672531,1],[7,0.09278407692909241,-0.002894019242376089,-0.9956821203231812,0,0.18711382150650024,-0.9821286797523499,0.020291099324822426,0,-0.9779465794563293,-0.1881885677576065,-0.090584397315979,0,0.2693028450012207,0.06714131683111191,0.14855273067951202,1],[7,0.09136105328798294,-0.016444426029920578,-0.9956821203231812,0,0.0413363054394722,-0.9989392757415771,0.020291127264499664,0,-0.9949595332145691,-0.04301163926720619,-0.09058438986539841,0,0.5795159935951233,0.026998097077012062,0.14855273067951202,1],[7,0.0000013716037301492179,-4.3711455788297826e-8,-1,0,-1,-5.989355739881644e-14,-0.0000013716037301492179,0,6.123234262925839e-17,1,-4.3711455788297826e-8,0,-0.03582480549812317,-0.005114830564707518,0.14482596516609192,1],[7,0.0000013868000223737909,0.0000027577070795814507,1,0,6.123234262925839e-17,-1,0.0000027577070795814507,0,1,-3.8243271396898315e-12,-0.0000013868001360606286,0,-0.5912127494812012,2.261027086045142e-12,8.198938985515269e-7,1],[7,-0.09136133641004562,0.01644708402454853,-0.9956820607185364,0,0.0413360521197319,-0.9989392161369324,-0.020293783396482468,0,-0.9949594736099243,-0.0430116280913353,0.09058456867933273,0,0.5795159339904785,0.026998084038496017,-0.14855283498764038,1],[7,0.00993429683148861,0.1417747437953949,-0.9898492097854614,0,-0.33035144209861755,-0.9338521361351013,-0.13706985116004944,0,-0.9438056349754333,0.32835978269577026,0.037558332085609436,0,1.3442072868347168,-0.04339667037129402,0.02137068845331669,1],[7,0.07747919112443924,0.11914558708667755,-0.989849328994751,0,-0.7419849634170532,-0.656254768371582,-0.13706964254379272,0,-0.6659243106842041,0.7450733184814453,0.03755815327167511,0,0.9895676374435425,-0.5987734198570251,0.021370820701122284,1],[7,-0.03296812251210213,0.1382458508014679,-0.9898492097854614,0,-0.035607077181339264,-0.9899214506149292,-0.1370699554681778,0,-0.998822033405304,0.03072669729590416,0.03755837306380272,0,1.4722743034362793,0.36104369163513184,0.02137068286538124,1],[7,-0.6794352531433105,0.009393678978085518,0.7336754202842712,0,0.030185265466570854,0.9994293451309204,0.015157398767769337,0,-0.7331144213676453,0.032444652169942856,-0.6793310642242432,0,0.5823630094528198,-0.015518231317400932,0.7606297135353088,1],[7,-0.09278476238250732,0.0028966728132218122,-0.9956820607185364,0,0.18711355328559875,-0.9821286797523499,-0.0202938225120306,0,-0.9779465794563293,-0.1881885528564453,0.09058457612991333,0,0.2693028151988983,0.06714130192995071,-0.14855283498764038,1],[7,4.371138828673793e-8,0.000001370906943520822,-1,0,-6.123234262925839e-17,-1,-0.000001370906943520822,0,-1,5.998547741425247e-14,-4.371139183945161e-8,0,0.06065995618700981,0.05631287023425102,-0.14482605457305908,1],[7,0.0000013716037301492179,4.371133499603275e-8,-1,0,-1,6.00158554038728e-14,-0.0000013716037301492179,0,6.123234262925839e-17,1,4.371133499603275e-8,0,-0.03582480177283287,-0.005114830564707518,-0.14482606947422028,1]],8,8,8,8,8,8,8,8,8,8,8,8,8,8,8,8,8,8,8]]],0,0,[],[],[]]
