[1,0,0,[["cc.Skeleton",["_name","_hash","_joints","_bindposes"],0,12]],[[0,0,1,2,3,4]],[[0,"Skin-0",2509111443,["Bone001/Bone002","Bone001/Bone002/Bone003(mirrored)","Bone001/Bone002/Bone003(mirrored)/Bone004(mirrored)","Bone001/Bone002/Bone003","Bone001/Bone002/Bone003/Bone004"],[[[7,1.4509536905293885e-9,-2.3940117443999043e-7,-1,0,-0.008298465050756931,0.9999656081199646,-2.3940495452734467e-7,0,0.9999656081199646,0.008298465050756931,-5.357584931253712e-10,0,0.2718799412250519,-0.05919497460126877,2.6283400345050723e-8,1],[7,-0.7327937483787537,0.05994198098778725,-0.6778057217597961,0,9.872024264723223e-8,0.996112585067749,0.0880914255976677,0,0.6804511547088623,0.06455277651548386,-0.7299447655677795,0,-0.34439125657081604,-0.01715601421892643,-0.01581677235662937,1],[7,-0.7044470310211182,0.21055613458156586,-0.6778056621551514,0,0.20650586485862732,0.9744716882705688,0.08809102326631546,0,0.6790505051612854,-0.07791537046432495,-0.7299449443817139,0,-0.4226669371128082,0.07203266769647598,-0.015816695988178253,1],[7,0.7327938079833984,0.05994175001978874,0.6778055429458618,0,2.7626814613768147e-8,-0.9961125254631042,0.08809118717908859,0,0.6804508566856384,-0.0645526573061943,-0.7299449443817139,0,-0.3443942964076996,0.017155781388282776,-0.015819555148482323,1],[7,0.7044469118118286,0.2105562686920166,0.6778055429458618,0,0.20650586485862732,-0.9744716882705688,0.08809114992618561,0,0.6790503859519958,0.07791529595851898,-0.7299448847770691,0,-0.42266979813575745,-0.0720335841178894,-0.01581960916519165,1]],8,8,8,8,8]]],0,0,[],[],[]]
