[1,0,0,[["cc.Skeleton",["_name","_hash","_joints","_bindposes"],0,12]],[[0,0,1,2,3,4]],[[0,"Skin-0",204703023,["Bone023/Bone022/Bone024/Bone005","Bone023/Bone022/Bone024/Bone005/Bone006","Bone023/Bone022/Bone024/Bone005/Bone006/Dummy001","Bone023/Bone022/Bone024/Bone002/Bone003/Dummy002","Bone023/Bone022/Bone024/Bone002/Bone003/Dummy006","Bone023/Bone022/Bone024/Bone002/Bone003/Dummy004","Bone023/Bone022/Bone024/Bone002/Bone003/Dummy005","Bone023/Bone022/Bone024/Bone002/Bone003/Dummy003","Bone023/Bone016(mirrored)/Bone017(mirrored)","Bone023/Bone016(mirrored)","Bone023/Bone022/Bone024/Bone002","Bone023/Bone022/Bone024/Bone002/Bone003","Bone023/Bone013(mirrored)/Bone014(mirrored)","Bone023/Bone013(mirrored)","Bone023/Bone010(mirrored)/Bone011(mirrored)","Bone023/Bone010(mirrored)","Bone023/Bone019(mirrored)/Bone020(mirrored)","Bone023/Bone019(mirrored)","Bone023/Bone016/Bone017","Bone023/Bone016","Bone023/Bone013/Bone014","Bone023/Bone013","Bone023/Bone010/Bone011","Bone023/Bone010","Bone023/Bone019/Bone020","Bone023/Bone019","Bone023/Bone022/Bone024/Bone005/Bone008"],[[[7,-2.476486145042145e-7,-6.855244691905682e-7,-1,0,-0.007603996433317661,0.9999710917472839,-6.836215220573649e-7,0,0.9999710917472839,0.007603996433317661,-2.5285419269494014e-7,0,-0.5173518061637878,0.3663748800754547,-1.1372426911293587e-7,1],[7,1.432226071074183e-7,-2.037626813944371e-7,-1,0,-0.009344865567982197,0.9999563097953796,-2.0509219211817253e-7,0,0.9999563097953796,0.009344865567982197,1.4131222769719898e-7,0,-0.7919960021972656,0.3649965822696686,-2.146721840290411e-7,1],[7,4.086421938609419e-7,-5.467837382866492e-8,-1,0,-0.9999998807907104,-2.2282661962325437e-14,-4.086422507043608e-7,0,6.123232939436859e-17,0.9999998807907104,-5.4678380934092274e-8,0,-0.3042612671852112,-1.1062560081481934,-0.1148187592625618,1],[7,7.32038358819409e-7,-4.377222140306003e-8,-1,0,-1,-3.1981714368814473e-14,-7.32038358819409e-7,0,6.123234262925839e-17,1,-4.377222140306003e-8,0,0.11991532891988754,-0.9966882467269897,-0.11186201870441437,1],[7,7.32038358819409e-7,-4.377222140306003e-8,-1,0,-1,-3.1981714368814473e-14,-7.32038358819409e-7,0,6.123234262925839e-17,1,-4.377222140306003e-8,0,0.23405106365680695,-0.9966881275177002,-0.23508897423744202,1],[7,7.32038358819409e-7,-4.377222140306003e-8,-1,0,-1,-3.1981714368814473e-14,-7.32038358819409e-7,0,6.123234262925839e-17,1,-4.377222140306003e-8,0,0.2790948748588562,-0.9966882467269897,0.07338272035121918,1],[7,7.32038358819409e-7,-4.377222140306003e-8,-1,0,-1,-3.1981714368814473e-14,-7.32038358819409e-7,0,6.123234262925839e-17,1,-4.377222140306003e-8,0,0.19596490263938904,-0.996688187122345,0.2901952564716339,1],[7,7.32038358819409e-7,-4.377222140306003e-8,-1,0,-1,-3.1981714368814473e-14,-7.32038358819409e-7,0,6.123234262925839e-17,1,-4.377222140306003e-8,0,0.03763984143733978,-0.9966881275177002,0.12121593952178955,1],[7,0.24891646206378937,-0.91621994972229,0.31397682428359985,0,0.4611769914627075,0.3971942365169525,0.7934435606002808,0,-0.8516784310340881,-0.05270225554704666,0.521407961845398,0,-0.021914780139923096,0.3372284471988678,-0.4574451446533203,1],[7,0.7835240364074707,-0.53619784116745,0.3139769434928894,0,0.09361304342746735,0.6014024019241333,0.7934427857398987,0,-0.6142688989639282,-0.5922890901565552,0.5214085578918457,0,-0.004237838089466095,0.24254529178142548,-0.4574451446533203,1],[7,-0.005918154492974281,-0.999982476234436,-0.000009358906936540734,0,-1.6291745907892619e-7,0.000009360034709970932,-1,0,0.999982476234436,-0.005918154492974281,-2.1830874175066128e-7,0,-0.24180588126182556,0.000004557392458082177,0.1737251579761505,1],[7,0.005682275164872408,-0.9999838471412659,3.17143701522582e-7,0,-2.714851063956303e-7,-3.1869151939645235e-7,-1,0,0.9999838471412659,0.005682275164872408,-2.732916186687362e-7,0,-0.5569970011711121,-0.006455295253545046,0.1737251877784729,1],[7,0.28192076086997986,-0.8637099266052246,0.41776272654533386,0,0.1317874789237976,0.466158002614975,0.8748305439949036,0,-0.9503434300422668,-0.1915770322084427,0.24524575471878052,0,0.11797525733709335,0.4024207592010498,-0.2616463303565979,1],[7,0.5062570571899414,-0.754439115524292,0.4177625775337219,0,5.885960945306579e-7,0.48442867398262024,0.8748307228088379,0,-0.8623828291893005,-0.4428889751434326,0.2452457994222641,0,0.19292739033699036,0.4193379878997803,-0.2616463303565979,1],[7,-0.44259113073349,-0.6379038691520691,0.6302316188812256,0,0.20939107239246368,0.6098678708076477,0.7643407583236694,0,-0.8719336986541748,0.4702553451061249,-0.13635073602199554,0,0.2976481020450592,0.15017707645893097,-0.10285408794879913,1],[7,-0.15162941813468933,-0.761457622051239,0.6302309632301331,0,-0.051067229360342026,0.6427868604660034,0.7643411755561829,0,-0.9871171712875366,0.08371249586343765,-0.13635092973709106,0,0.4350050091743469,0.25637543201446533,-0.10285375267267227,1],[7,0.49207714200019836,-0.8616751432418823,0.12400034070014954,0,0.6707732081413269,0.4660804271697998,0.5769163966178894,0,-0.5549086332321167,-0.2007112205028534,0.807336151599884,0,-0.40978652238845825,0.22469095885753632,-0.5210732817649841,1],[7,0.8497399091720581,-0.5124124884605408,0.1239996924996376,0,0.35841187834739685,0.7339679002761841,0.5769162774085999,0,-0.3866308629512787,-0.4457857608795166,0.8073362708091736,0,-0.26624536514282227,-0.0036146091297268867,-0.521073043346405,1],[7,-0.24891775846481323,0.9162192344665527,0.3139783442020416,0,0.4611766040325165,0.3971962630748749,-0.7934429049491882,0,-0.851678192615509,-0.052702564746141434,-0.5214082598686218,0,-0.0218697227537632,0.3370610773563385,0.45738840103149414,1],[7,-0.7835245132446289,0.5361973643302917,0.31397753953933716,0,0.09361213445663452,0.6014028191566467,-0.7934430837631226,0,-0.6142687797546387,-0.5922898650169373,-0.5214085578918457,0,-0.004095097538083792,0.24244780838489532,0.45738813281059265,1],[7,-0.28192099928855896,0.8637096881866455,0.4177635610103607,0,0.13178753852844238,0.46615883708000183,-0.8748303055763245,0,-0.9503440856933594,-0.19157689809799194,-0.24524596333503723,0,0.11792279779911041,0.40258172154426575,0.26172444224357605,1],[7,-0.506257176399231,0.7544386982917786,0.4177633821964264,0,2.533199676690856e-7,0.48442935943603516,-0.874830424785614,0,-0.8623831272125244,-0.44288885593414307,-0.24524591863155365,0,0.1928330659866333,0.41947853565216064,0.2617243826389313,1],[7,0.4425913095474243,0.6379034519195557,0.6302317976951599,0,0.20939211547374725,0.609867513179779,-0.7643405795097351,0,-0.8719334006309509,0.4702560603618622,0.1363501101732254,0,0.29750779271125793,0.1499745398759842,0.10265446454286575,1],[7,0.15162958204746246,0.761457085609436,0.6302313804626465,0,-0.05106610804796219,0.642786979675293,-0.7643409967422485,0,-0.9871174097061157,0.08371322602033615,0.13635016977787018,0,0.4349571168422699,0.25613370537757874,0.10265428572893143,1],[7,-0.4920778274536133,0.8616747856140137,0.12400022894144058,0,0.6707727909088135,0.46608084440231323,-0.5769166350364685,0,-0.5549085736274719,-0.20071184635162354,-0.8073360919952393,0,-0.4097917973995209,0.22470010817050934,0.5210747122764587,1],[7,-0.849740207195282,0.5124120116233826,0.12399952858686447,0,0.35841143131256104,0.7339679598808289,-0.576916515827179,0,-0.3866305649280548,-0.4457862675189972,-0.8073362112045288,0,-0.2662544846534729,-0.0036089797504246235,0.5210744142532349,1],[7,2.102535745507339e-7,-3.3714889013936045e-7,-1,0,0.02138567343354225,0.9997712969779968,-3.325753539229481e-7,0,0.9997712969779968,-0.02138567343354225,2.174156463752297e-7,0,-0.4775753617286682,0.5777754187583923,-2.1015011952840723e-7,1]],8,8,8,8,8,8,8,8,8,8,8,8,8,8,8,8,8,8,8,8,8,8,8,8,8,8,8]]],0,0,[],[],[]]
