[1,0,0,[["cc.Skeleton",["_name","_hash","_joints","_bindposes"],0,12]],[[0,0,1,2,3,4]],[[0,"Skin-9",2601941835,["Bip001/Bip001 Pelvis/Bip001 Spine/Bip001 Spine1/Bip001 Neck/Bip001 Head","Bip001/Bip001 Pelvis/Bip001 Spine/Bip001 Spine1/Bip001 Neck/Bip001 Head/Bone064","Bip001/Bip001 Pelvis/Bip001 Spine/Bip001 Spine1/Bip001 Neck/Bip001 Head/Bone069","Bip001/Bip001 Pelvis/Bip001 Spine/Bip001 Spine1/Bip001 Neck/Bip001 Head/Bone060/Bone061/Bone062","Bip001/Bip001 Pelvis/Bip001 Spine/Bip001 Spine1/Bip001 Neck/Bip001 Head/Bone060","Bip001/Bip001 Pelvis/Bip001 Spine/Bip001 Spine1/Bip001 Neck/Bip001 Head/Bone060/Bone061","Bip001/Bip001 Pelvis/Bip001 Spine/Bip001 Spine1/Bip001 Neck/Bip001 Head/Bone069/Bone070/Bone071","Bip001/Bip001 Pelvis/Bip001 Spine/Bip001 Spine1/Bip001 Neck/Bip001 Head/Bone069/Bone070","Bip001/Bip001 Pelvis/Bip001 Spine/Bip001 Spine1/Bip001 Neck/Bip001 Head/Bone056/Bone057/Bone058","Bip001/Bip001 Pelvis/Bip001 Spine/Bip001 Spine1/Bip001 Neck/Bip001 Head/Bone056","Bip001/Bip001 Pelvis/Bip001 Spine/Bip001 Spine1/Bip001 Neck/Bip001 Head/Bone056/Bone057","Bip001/Bip001 Pelvis/Bip001 Spine/Bip001 Spine1/Bip001 Neck/Bip001 Head/Bone064/Bone065/Bone066/Bone068","Bip001/Bip001 Pelvis/Bip001 Spine/Bip001 Spine1/Bip001 Neck/Bip001 Head/Bone064/Bone065/Bone066","Bip001/Bip001 Pelvis/Bip001 Spine/Bip001 Spine1/Bip001 Neck/Bip001 Head/Bone064/Bone065"],[[[7,7.510177368885707e-8,-0.000001404751969857898,1,0,-0.054779790341854095,-0.9984985589981079,-0.0000013985285249873414,0,0.9984984993934631,-0.054779790341854095,-1.519410233186136e-7,0,-1.11444091796875,0.005445712246000767,3.103244239355263e-8,1],[7,0.015062009915709496,0.13632123172283173,-0.9905502796173096,0,0.2579565644264221,-0.9576571583747864,-0.1278720200061798,0,-0.9660392999649048,-0.2535928785800934,-0.049589190632104874,0,1.5350719690322876,0.6680510640144348,0.13209547102451324,1],[7,-2.8870999813079834e-7,-3.2228066970674263e-7,-1,0,-0.6672486066818237,-0.7448350787162781,4.3268730109957687e-7,0,-0.7448350787162781,0.6672486066818237,-1.3035307662651648e-18,0,1.0444895029067993,-1.513282060623169,-5.5712771285243434e-8,1],[7,0.30294865369796753,0.9437150955200195,0.13275140523910522,0,-0.08212769776582718,0.16463199257850647,-0.9829297065734863,0,-0.9494612812995911,0.2868746221065521,0.12738025188446045,0,1.2555168867111206,0.03404844552278519,-0.32376405596733093,1],[7,-0.15446878969669342,0.979030191898346,0.13280856609344482,0,-0.060603756457567215,0.12477964907884598,-0.9903316497802734,0,-0.9861368536949158,-0.1610240340232849,0.04005837440490723,0,1.5174652338027954,0.6128589510917664,-0.20306189358234406,1],[7,0.00650806725025177,0.9911279678344727,0.13274919986724854,0,-0.12765033543109894,0.1324893683195114,-0.982930064201355,0,-0.991797924041748,-0.010548505000770092,0.12738007307052612,0,1.3644654750823975,0.4083820879459381,-0.32376474142074585,1],[7,2.999058557051626e-9,-3.970805462216731e-9,-1,0,0.6026914119720459,-0.7979741096496582,4.9761088583011315e-9,0,-0.797974169254303,-0.6026914119720459,-6.90797031918975e-16,0,1.5505272150039673,0.4914729595184326,-3.094561975558463e-7,1],[7,-1.9880808110883663e-7,-0.0000019151641481585102,-1,0,-0.10325250029563904,-0.994655191898346,0.0000019254553080827463,0,-0.994655191898346,0.10325250029563904,-3.2405831494680345e-16,0,1.6160916090011597,-0.6977444887161255,7.342807180066302e-7,1],[7,-0.3340667188167572,0.7887672781944275,-0.515990138053894,0,0.0051648891530931,-0.545900821685791,-0.8378339409828186,0,-0.9425350427627563,-0.28255757689476013,0.17829342186450958,0,1.3024803400039673,-0.06606332957744598,-0.2453058660030365,1],[7,0.2772752046585083,0.780089795589447,-0.5608732104301453,0,-1.490115231206346e-8,-0.5837623476982117,-0.8119247555732727,0,-0.96079021692276,0.2251267284154892,-0.1618628203868866,0,1.4838380813598633,-0.747678279876709,0.23248304426670074,1],[7,0.007227929774671793,0.8220168948173523,-0.5694175958633423,0,-0.00336098438128829,-0.5694093704223633,-0.8220474123954773,0,-0.9999678730964661,0.007855508476495743,-0.0013528652489185333,0,1.4302020072937012,-0.44769200682640076,0.0029263366013765335,1],[7,0.07747832685709,0.11914610117673874,-0.989849328994751,0,-0.7419854402542114,-0.6562546491622925,-0.13706929981708527,0,-0.6659242510795593,0.7450736165046692,0.0375591479241848,0,0.9164007306098938,-0.6634870171546936,0.00785245280712843,1],[7,0.009933187626302242,0.141774520277977,-0.9898492693901062,0,-0.330351859331131,-0.9338521957397461,-0.1370692402124405,0,-0.9438057541847229,0.32836002111434937,0.03755933791399002,0,1.311631679534912,-0.13548390567302704,0.007852229289710522,1],[7,-0.032969262450933456,0.13824552297592163,-0.9898492097854614,0,-0.03560734540224075,-0.9899215698242188,-0.13706958293914795,0,-0.9988223314285278,0.03072681464254856,0.03755951300263405,0,1.4687635898590088,0.26342758536338806,0.007852105423808098,1]],8,8,8,8,8,8,8,8,8,8,8,8,8,8]]],0,0,[],[],[]]
