[1,0,0,[["cc.Skeleton",["_name","_hash","_joints","_bindposes"],0,12]],[[0,0,1,2,3,4]],[[0,"Skin-1",2317276846,["Bip001/Bip001 Pelvis/Bip001 Spine/Bip001 Spine1/Bip001 Neck/Bip001 Head","Bip001/Bip001 Pelvis/Bip001 Spine/Bip001 Spine1/Bip001 Neck/Bip001 Head/Bone060","Bip001/Bip001 Pelvis/Bip001 Spine/Bip001 Spine1/Bip001 Neck/Bip001 Head/Bone060/Bone061","Bip001/Bip001 Pelvis/Bip001 Spine/Bip001 Spine1/Bip001 Neck/Bip001 Head/Bone056","Bip001/Bip001 Pelvis/Bip001 Spine/Bip001 Spine1/Bip001 Neck/Bip001 Head/Bone056/Bone057","Bip001/Bip001 Pelvis/Bip001 Spine/Bip001 Spine1/Bip001 Neck/Bip001 Head/Bone064/Bone065/Bone066/Bone068","Bip001/Bip001 Pelvis/Bip001 Spine/Bip001 Spine1/Bip001 Neck/Bip001 Head/Bone060/Bone061/Bone062","Bip001/Bip001 Pelvis/Bip001 Spine/Bip001 Spine1/Bip001 Neck/Bip001 Head/Bone069","Bip001/Bip001 Pelvis/Bip001 Spine/Bip001 Spine1/Bip001 Neck/Bip001 Head/Bone069/Bone070/Bone071","Bip001/Bip001 Pelvis/Bip001 Spine/Bip001 Spine1/Bip001 Neck/Bip001 Head/Bone069/Bone070","Bip001/Bip001 Pelvis/Bip001 Spine/Bip001 Spine1/Bip001 Neck/Bip001 Head/Bone064","Bip001/Bip001 Pelvis/Bip001 Spine/Bip001 Spine1/Bip001 Neck/Bip001 Head/Bone064/Bone065","Bip001/Bip001 Pelvis/Bip001 Spine/Bip001 Spine1/Bip001 Neck/Bip001 Head/Bone064/Bone065/Bone066","Bip001/Bip001 Pelvis/Bip001 Spine/Bip001 Spine1/Bip001 Neck/Bip001 Head/Bone056/Bone057/Bone058"],[[[7,7.510177368885707e-8,-0.000001404751969857898,1,0,-0.054779790341854095,-0.9984985589981079,-0.0000013985285249873414,0,0.9984984993934631,-0.054779790341854095,-1.519410233186136e-7,0,-1.109039068222046,0.10390757769346237,1.689412414407343e-7,1],[7,-0.15572696924209595,0.977902352809906,0.13948069512844086,0,-0.0561496801674366,0.13221165537834167,-0.989629864692688,0,-0.986203134059906,-0.1619437336921692,0.03432000055909157,0,1.534544587135315,0.5086812376976013,-0.1616765409708023,1],[7,0.005684264469891787,0.9902020692825317,0.13952328264713287,0,-0.12208622694015503,0.13916893303394318,-0.9827139973640442,0,-0.9925037622451782,-0.011447854340076447,0.1216810792684555,0,1.3692666292190552,0.3028208017349243,-0.2826400101184845,1],[7,0.2764572203159332,0.7844225168228149,-0.5552055835723877,0,0.007966825738549232,-0.5795727968215942,-0.8148816227912903,0,-0.9609928131103516,0.2208569198846817,-0.16647638380527496,0,1.4546575546264648,-0.7930019497871399,0.33406829833984375,1],[7,0.006407874636352062,0.8260407447814941,-0.5635745525360107,0,0.0029230990912765265,-0.5635995864868164,-0.8260430693626404,0,-0.9999748468399048,0.00364579982124269,-0.0060260724276304245,0,1.4282746315002441,-0.49832814931869507,0.10617940872907639,1],[7,0.08094151318073273,0.1250396966934204,-0.9888445734977722,0,-0.7377126812934875,-0.6596236228942871,-0.14379478991031647,0,-0.6702454686164856,0.7411219477653503,0.038852423429489136,0,0.9488004446029663,-0.6379530429840088,0.1127534881234169,1],[7,0.30188578367233276,0.9430780410766602,0.13952691853046417,0,-0.07481908053159714,0.1693408340215683,-0.9827133417129517,0,-0.9504038691520691,0.2862277030944824,0.12168184667825699,0,1.228493094444275,-0.0681077092885971,-0.28263986110687256,1],[7,0.0029884567484259605,0.00626321230083704,-0.9999762773513794,0,-0.6626566648483276,-0.7488929629325867,-0.0066709672100842,0,-0.7489171624183655,0.6626601815223694,0.0019123274832963943,0,1.0811069011688232,-1.4707485437393188,0.09859490394592285,1],[7,-0.005572285037487745,0.00413697911426425,-0.9999762773513794,0,0.6075566411018372,-0.7942476272583008,-0.006671436131000519,0,-0.7942556738853455,-0.6075794696807861,0.0019123279489576817,0,1.5158250331878662,0.5355833768844604,0.09859465062618256,1],[7,-0.0012553787091746926,0.006823332514613867,-0.9999762773513794,0,-0.09715242683887482,-0.9952465295791626,-0.006669106427580118,0,-0.9952685236930847,0.09714167565107346,0.00191231700591743,0,1.6207854747772217,-0.6418164968490601,0.09859582036733627,1],[7,0.01131486613303423,0.142076775431633,-0.9897909164428711,0,0.26346391439437866,-0.9553011655807495,-0.13411419093608856,0,-0.9646027684211731,-0.2592567801475525,-0.048241209238767624,0,1.5180166959762573,0.7071398496627808,0.236437126994133,1],[7,-0.034854624420404434,0.14480794966220856,-0.988845705986023,0,-0.030221376568078995,-0.989147424697876,-0.14378680288791656,0,-0.9989356398582458,0.024872643873095512,0.03885263204574585,0,1.472581148147583,0.3045034110546112,0.11275054514408112,1],[7,0.010101559571921825,0.1486080288887024,-0.9888445734977722,0,-0.32498082518577576,-0.9347248673439026,-0.14379453659057617,0,-0.9456667900085449,0.32280802726745605,0.03885257989168167,0,1.327571988105774,-0.09743612259626389,0.1127532422542572,1],[7,-0.3348902761936188,0.7924017310142517,-0.5098512768745422,0,0.00865511316806078,-0.5384861826896667,-0.8425899147987366,0,-0.9422171711921692,-0.2865881621837616,0.17347542941570282,0,1.3344292640686035,-0.11508508771657944,-0.14630380272865295,1]],8,8,8,8,8,8,8,8,8,8,8,8,8,8]]],0,0,[],[],[]]
